100
None
-2.000000 2.000000
0.127049
0.127049
0.127049
0.127049
0.127049
0.127049
0.127049
0.127049
0.127049
0.127049
0.127049
0.127049
0.127049
0.127049
0.127049
0.127049
0.127049
0.127049
0.127049
0.127049
0.127049
0.127049
0.127049
0.127049
0.127049
0.127049
0.127049
0.127049
0.127049
0.127049
0.127049
0.127049
0.127049
0.475650
0.475650
0.475650
0.475650
0.475650
0.475650
0.475650
0.475650
0.475650
0.492642
0.492642
0.492642
0.492642
0.492642
0.492642
0.492642
0.492642
0.492642
0.493251
0.493251
0.493251
0.493251
0.493251
0.493251
0.493251
0.493251
0.475785
0.475785
0.475785
0.475785
0.475785
0.475785
0.475785
0.475785
0.475785
0.127103
0.127103
0.127103
0.127103
0.127103
0.127103
0.127103
0.127103
0.127103
0.127103
0.127103
0.127103
0.127103
0.127103
0.127103
0.127103
0.127103
0.127103
0.127103
0.127103
0.127103
0.127103
0.127103
0.127103
0.127103
0.127103
0.127103
0.127103
0.127103
0.127103
0.127103
0.127103
