5000
None
0.0 0.0
4.871610
4.872302
4.871854
4.872940
4.873967
4.873562
4.872850
4.873973
4.872907
4.872415
4.872858
4.873827
4.872955
4.873046
4.874429
4.871719
4.873342
4.874153
4.873816
4.871664
4.871584
4.873250
4.873953
4.873776
4.873357
4.872372
4.873460
4.873851
4.873485
4.873446
4.874010
4.871881
4.871570
4.873010
4.873006
4.872361
4.872965
4.874071
4.874279
4.871472
4.872575
4.871140
4.874118
4.874100
4.873535
4.873879
4.872780
4.873220
4.873982
4.873090
4.873917
4.872867
4.872440
4.873486
4.871561
4.871536
4.873534
4.872777
4.872717
4.874199
4.873544
4.873956
4.873129
4.872893
4.873451
4.872806
4.872859
4.873145
4.873523
4.872461
4.872763
4.873358
4.873029
4.874070
4.872838
4.874071
4.873158
4.872553
4.874491
4.872553
4.873387
4.872506
4.873488
4.872799
4.872620
4.871889
4.872100
4.873392
4.873964
4.874029
4.871995
4.873113
4.873214
4.872324
4.873800
4.873998
4.873399
4.873584
4.873030
4.871984
4.874165
4.874115
4.873624
4.872717
4.872935
4.872984
4.874050
4.872980
4.873208
4.872995
4.872868
4.872235
4.873037
4.873157
4.872650
4.873402
4.872539
4.873217
4.871086
4.872354
4.873500
4.871865
4.873274
4.872689
4.874671
4.871712
4.871804
4.874872
4.873995
4.873315
4.872868
4.873289
4.873526
4.872660
4.874165
4.872371
4.873431
4.871809
4.872219
4.874186
4.873746
4.872018
4.872613
4.872476
4.872726
4.874036
4.872331
4.874319
4.873538
4.871252
4.871196
4.873635
4.873923
4.872643
4.872866
4.873729
4.872534
4.873670
4.871989
4.872465
4.872854
4.872535
4.872842
4.872946
4.872422
4.872590
4.872882
4.873323
4.873390
4.871364
4.871220
4.872969
4.872016
4.872947
4.872292
4.872725
4.873234
4.873249
4.873051
4.871187
4.872826
4.874097
4.872920
4.871129
4.874153
4.873131
4.873061
4.873289
4.873436
4.873885
4.873805
4.872814
4.874432
4.873770
4.871580
4.872359
4.873013
4.872536
4.874275
4.873191
4.873439
4.872594
4.874448
4.872676
4.874542
4.874555
4.874584
4.871772
4.873440
4.873470
4.873768
4.872534
4.873365
4.871957
4.874729
4.872757
4.871713
4.872996
4.872966
4.873333
4.872021
4.873666
4.873054
4.874058
4.873996
4.874425
4.873118
4.872848
4.871839
4.872408
4.873949
4.874236
4.873150
4.870350
4.872419
4.872031
4.874073
4.872345
4.872458
4.872928
4.872707
4.873128
4.874446
4.873745
4.874116
4.872957
4.873001
4.871383
4.873924
4.872000
4.873139
4.872617
4.874626
4.874128
4.872772
4.874715
4.873132
4.873380
4.874502
4.872456
4.872790
4.873460
4.872861
4.873877
4.872023
4.872147
4.873033
4.874219
4.873875
4.873799
4.873123
4.873824
4.873680
4.874304
4.872316
4.871763
4.873390
4.874221
4.873731
4.873089
4.872537
4.873233
4.872854
4.872516
4.873675
4.873272
4.871643
4.874084
4.873154
4.872933
4.872463
4.872744
4.872253
4.872545
4.873011
4.870610
4.872301
4.871855
4.872768
4.872038
4.873127
4.873124
4.873688
4.872918
4.872119
4.872531
4.873072
4.873325
4.872338
4.872805
4.873724
4.874439
4.874863
4.873570
4.872457
4.872253
4.872836
4.873910
4.874207
4.873494
4.873127
4.872524
4.873328
4.872765
4.872335
4.872663
4.874769
4.873003
4.874388
4.874892
4.873304
4.872485
4.872198
4.872455
4.873305
4.872008
4.872722
4.872821
4.872289
4.872200
4.873544
4.871846
4.872493
4.875440
4.872785
4.873893
4.873044
4.872867
4.873056
4.873745
4.873572
4.870542
4.873925
4.872930
4.873684
4.873276
4.872697
4.875628
4.874438
4.872527
4.873536
4.875091
4.874061
4.871676
4.871836
4.872487
4.872514
4.872776
4.873134
4.873565
4.872676
4.871419
4.874774
4.872471
4.874066
4.872811
4.872570
4.873556
4.873121
4.872449
4.873498
4.873701
4.872336
4.872002
4.873535
4.872442
4.874062
4.873698
4.873775
4.873315
4.873471
4.872342
4.873577
4.872403
4.873619
4.873898
4.872544
4.873538
4.872180
4.873469
4.871226
4.873946
4.874429
4.873888
4.871423
4.872793
4.874091
4.873721
4.873367
4.872892
4.871963
4.873727
4.874195
4.874165
4.872499
4.873286
4.873852
4.873873
4.873797
4.874680
4.875362
4.872612
4.872958
4.871874
4.873121
4.871715
4.873161
4.872006
4.873486
4.874518
4.872891
4.875029
4.873438
4.873059
4.871489
4.872381
4.872933
4.874172
4.871424
4.873391
4.872701
4.872732
4.870957
4.871896
4.872087
4.873921
4.875476
4.871625
4.873235
4.872417
4.872691
4.874523
4.872618
4.874811
4.873212
4.874182
4.873401
4.873448
4.871893
4.873754
4.872263
4.871655
4.872611
4.871411
4.871296
4.873230
4.873198
4.873810
4.873181
4.872305
4.874041
4.872803
4.873330
4.872998
4.873665
4.872808
4.872719
4.872799
4.872940
4.874683
4.871302
4.872847
4.872101
4.873302
4.872831
4.874117
4.872450
4.872166
4.874841
4.873262
4.874830
4.874140
4.871613
4.872198
4.873547
4.872787
4.873132
4.873384
4.871289
4.871521
4.874740
4.873493
4.872003
4.872596
4.872817
4.874056
4.874408
4.873518
4.872602
4.873447
4.873568
4.873281
4.873469
4.871732
4.872514
4.873327
4.871763
4.872427
4.871415
4.871851
4.872534
4.871222
4.871279
4.872848
4.874230
4.873309
4.874877
4.872378
4.872595
4.872614
4.872154
4.871933
4.873623
4.872096
4.873560
4.873606
4.873540
4.872997
4.872303
4.873104
4.871470
4.872795
4.872401
4.873677
4.873568
4.873703
4.872514
4.873294
4.872283
4.872315
4.871268
4.873914
4.873035
4.873983
4.873664
4.871299
4.872687
4.872995
4.871546
4.873903
4.873215
4.872043
4.872598
4.873345
4.873370
4.873020
4.872085
4.873295
4.873681
4.873031
4.873357
4.872623
4.874937
4.873539
4.873766
4.873292
4.872846
4.873173
4.872304
4.873193
4.871439
4.873980
4.874542
4.873422
4.873019
4.872949
4.872789
4.874188
4.874150
4.872296
4.873941
4.873448
4.873070
4.873784
4.872584
4.872492
4.874398
4.872738
4.873756
4.872415
4.872469
4.872248
4.874432
4.872137
4.873415
4.874470
4.873557
4.873816
4.871664
4.871879
4.874172
4.873643
4.872948
4.873542
4.873825
4.874037
4.872302
4.873590
4.873182
4.873103
4.871433
4.873051
4.873800
4.872906
4.872650
4.873115
4.873326
4.873547
4.872181
4.872263
4.873361
4.871673
4.873433
4.872010
4.873146
4.871680
4.872360
4.873386
4.873998
4.873231
4.873089
4.872341
4.871983
4.872192
4.872288
4.870952
4.872328
4.872677
4.872500
4.872583
4.874023
4.872731
4.873480
4.873241
4.873093
4.873466
4.873396
4.873979
4.873361
4.874661
4.873245
4.871885
4.872931
4.873679
4.875041
4.874935
4.873677
4.873467
4.872875
4.873562
4.872623
4.873799
4.872118
4.873542
4.872259
4.872770
4.872248
4.873088
4.872909
4.871967
4.872733
4.873834
4.872896
4.872283
4.873076
4.870734
4.873065
4.872269
4.872973
4.872756
4.872833
4.871206
4.871862
4.873275
4.874283
4.872572
4.872740
4.872021
4.873777
4.873481
4.873339
4.871734
4.872552
4.875481
4.873374
4.872243
4.874809
4.873309
4.872316
4.874315
4.873032
4.873696
4.871982
4.873335
4.872916
4.873078
4.874964
4.873674
4.874373
4.873046
4.872039
4.873322
4.872897
4.872855
4.873639
4.873965
4.874289
4.873765
4.872736
4.874059
4.872917
4.872998
4.874201
4.873848
4.872863
4.873139
4.873045
4.872590
4.870887
4.872440
4.873912
4.872786
4.873273
4.873865
4.872980
4.871592
4.872057
4.874248
4.873809
4.872605
4.873137
4.873672
4.873871
4.872509
4.872308
4.874470
4.873050
4.872841
4.875168
4.874280
4.872073
4.872480
4.874672
4.873768
4.872995
4.874825
4.873346
4.873510
4.873779
4.874413
4.872647
4.872247
4.872428
4.873798
4.873734
4.871693
4.872789
4.873932
4.873850
4.873738
4.872245
4.872524
4.872823
4.874163
4.874564
4.871956
4.872990
4.872338
4.874392
4.872645
4.871487
4.872856
4.874561
4.872641
4.874240
4.873311
4.873515
4.872917
4.873448
4.872830
4.872393
4.872075
4.873517
4.871748
4.872720
4.873497
4.873181
4.874332
4.872855
4.873958
4.873965
4.872900
4.872428
4.874145
4.873529
4.873236
4.873072
4.873597
4.873359
4.874571
4.870973
4.873025
4.872490
4.873738
4.871812
4.874345
4.873465
4.871134
4.873759
4.871935
4.872025
4.872958
4.873756
4.871449
4.872152
4.872431
4.872072
4.871915
4.872017
4.873986
4.872595
4.871642
4.872226
4.872340
4.873239
4.873206
4.872879
4.873822
4.873893
4.872009
4.871831
4.872843
4.872393
4.871417
4.872444
4.872051
4.874079
4.873555
4.872411
4.872053
4.872000
4.872031
4.872606
4.873696
4.872130
4.873775
4.874165
4.872855
4.874338
4.873208
4.874393
4.871811
4.873668
4.872752
4.873124
4.871776
4.873589
4.873627
4.873444
4.874169
4.874080
4.872762
4.872269
4.871940
4.872272
4.872031
4.873632
4.872039
4.871977
4.872339
4.873231
4.873472
4.872206
4.872783
4.873069
4.872817
4.873194
4.873232
4.872910
4.875010
4.873266
4.872422
4.872563
4.872407
4.872822
4.871635
4.872441
4.873167
4.872078
4.873014
4.872743
4.873279
4.872477
4.873651
4.873275
4.872627
4.871693
4.874196
4.872772
4.874046
4.873965
4.874807
4.872380
4.874255
4.873901
4.874070
4.873631
4.873217
4.872936
4.874061
4.872333
4.871853
4.872643
4.873938
4.873067
4.873333
4.873762
4.872781
4.874161
4.873214
4.873338
4.872438
4.871159
4.872630
4.872718
4.873094
4.873507
4.872133
4.871754
4.872035
4.871994
4.872586
4.872360
4.874807
4.872902
4.873579
4.872363
4.873569
4.873368
4.872532
4.873725
4.871063
4.873429
4.872963
4.871879
4.872796
4.873682
4.873836
4.874620
4.871205
4.871827
4.872188
4.872817
4.873998
4.872631
4.872882
4.873032
4.872969
4.872207
4.872605
4.874021
4.872544
4.872635
4.874017
4.874103
4.873009
4.872624
4.872458
4.872626
4.873552
4.874626
4.873019
4.872954
4.872186
4.872180
4.871606
4.871653
4.873916
4.873165
4.871954
4.873326
4.873145
4.873428
4.871813
4.872930
4.873260
4.871568
4.872829
4.873111
4.872292
4.874558
4.873395
4.874380
4.873285
4.871562
4.872897
4.872398
4.872250
4.871858
4.873889
4.873011
4.874233
4.872966
4.873401
4.873158
4.873383
4.874553
4.870737
4.873560
4.872584
4.870742
4.873324
4.874668
4.873393
4.872701
4.873149
4.873727
4.873598
4.871179
4.872840
4.874529
4.874040
4.871790
4.872573
4.874086
4.872499
4.871586
4.874011
4.873622
4.872197
4.871920
4.873534
4.873673
4.873759
4.872884
4.872703
4.873437
4.874221
4.873513
4.873665
4.873284
4.874081
4.872186
4.871525
4.872509
4.874414
4.872941
4.873146
4.872660
4.871558
4.874098
4.871777
4.872385
4.872278
4.874843
4.872746
4.872861
4.873410
4.873457
4.873599
4.872717
4.873316
4.872463
4.871507
4.873242
4.872996
4.873100
4.874286
4.872763
4.874274
4.872894
4.872620
4.873227
4.875132
4.873943
4.873046
4.872326
4.873638
4.875523
4.871707
4.872329
4.873398
4.873664
4.874433
4.872588
4.872393
4.873905
4.872927
4.875189
4.873042
4.874107
4.873314
4.871704
4.874252
4.871257
4.874354
4.874246
4.873949
4.874194
4.873355
4.872830
4.873184
4.871722
4.873804
4.873010
4.873047
4.873245
4.872951
4.873182
4.873503
4.871235
4.872017
4.873700
4.873280
4.873934
4.872955
4.872772
4.873404
4.873058
4.873420
4.871716
4.872517
4.872798
4.872216
4.873537
4.873298
4.873649
4.872653
4.873423
4.872952
4.872472
4.872540
4.872232
4.872698
4.873099
4.873747
4.873687
4.873583
4.873816
4.872124
4.872872
4.872304
4.874145
4.872338
4.873112
4.871988
4.873494
4.872797
4.873831
4.872632
4.874223
4.872252
4.873212
4.873498
4.872558
4.873636
4.873685
4.873587
4.872055
4.872902
4.871801
4.873195
4.871372
4.874327
4.872643
4.873640
4.872208
4.872379
4.873956
4.873758
4.873145
4.872747
4.873716
4.874385
4.872135
4.873176
4.873882
4.873025
4.872881
4.873836
4.871989
4.873200
4.873512
4.874279
4.873421
4.871657
4.872370
4.874488
4.873090
4.873089
4.873042
4.872339
4.872373
4.873133
4.873551
4.873293
4.874497
4.871945
4.872427
4.872529
4.873444
4.872888
4.872663
4.872259
4.871260
4.872809
4.873359
4.873078
4.872770
4.873690
4.873521
4.873191
4.873766
4.874746
4.871357
4.872152
4.873372
4.873498
4.872215
4.870396
4.872248
4.873895
4.871319
4.872419
4.873660
4.874018
4.873598
4.873974
4.873105
4.873713
4.872870
4.874023
4.873997
4.873172
4.873457
4.873620
4.873622
4.875634
4.873791
4.874230
4.873639
4.872778
4.872895
4.874317
4.872844
4.871978
4.872683
4.872283
4.872593
4.871647
4.874339
4.872388
4.872346
4.873326
4.872342
4.872325
4.874812
4.872304
4.872233
4.874071
4.873777
4.873280
4.873011
4.874161
4.874563
4.870731
4.873135
4.873368
4.870287
4.873226
4.873514
4.873262
4.872569
4.872812
4.873880
4.872993
4.872664
4.873225
4.873400
4.872210
4.872595
4.872835
4.874426
4.874410
4.872995
4.874238
4.871915
4.873329
4.873068
4.871948
4.873456
4.873045
4.873429
4.871167
4.871531
4.874615
4.872672
4.873054
4.872746
4.873928
4.873273
4.873170
4.873509
4.874287
4.874443
4.873645
4.872304
4.873373
4.874801
4.873440
4.872271
4.874268
4.871482
4.873208
4.873628
4.873588
4.872828
4.873021
4.872607
4.873701
4.873370
4.873551
4.872819
4.871765
4.872914
4.872115
4.872362
4.873332
4.873351
4.872988
4.873483
4.873633
4.873432
4.873433
4.873231
4.872744
4.872537
4.873102
4.873750
4.872141
4.874142
4.873352
4.874659
4.871884
4.872666
4.874509
4.875457
4.873004
4.873818
4.871904
4.873006
4.870933
4.871833
4.872407
4.872615
4.872779
4.871855
4.874168
4.873728
4.873377
4.873455
4.873291
4.873384
4.872571
4.874127
4.874060
4.874517
4.873409
4.873149
4.872381
4.872814
4.872211
4.872967
4.875072
4.873513
4.873108
4.874181
4.872971
4.874083
4.873489
4.871463
4.872378
4.873363
4.873997
4.874409
4.873264
4.873036
4.873637
4.872652
4.872113
4.872063
4.873089
4.873913
4.874463
4.873230
4.872282
4.872820
4.871339
4.873143
4.871928
4.872555
4.873006
4.873315
4.872743
4.871975
4.872680
4.874907
4.873790
4.873351
4.873400
4.872833
4.872240
4.873165
4.873725
4.873226
4.871614
4.873381
4.872646
4.873913
4.872072
4.872625
4.874210
4.872510
4.873541
4.873896
4.872184
4.874300
4.872799
4.873209
4.872861
4.874072
4.872761
4.872967
4.872697
4.872428
4.871864
4.872297
4.872550
4.872426
4.872647
4.872398
4.873683
4.873070
4.872683
4.872451
4.871578
4.872380
4.872915
4.872702
4.872429
4.871621
4.872678
4.873760
4.873299
4.873707
4.872795
4.872236
4.874324
4.874188
4.872586
4.873396
4.875042
4.872762
4.872553
4.872963
4.871742
4.873682
4.874901
4.873907
4.873489
4.873045
4.873621
4.873270
4.871528
4.873667
4.873717
4.872316
4.873350
4.874518
4.873501
4.872500
4.873221
4.872243
4.872196
4.873071
4.873111
4.873973
4.873175
4.871828
4.873833
4.872909
4.872747
4.872744
4.874042
4.873317
4.874187
4.873217
4.872654
4.873361
4.873710
4.873795
4.870854
4.874241
4.873010
4.872994
4.873889
4.873732
4.874049
4.873169
4.872202
4.873551
4.873592
4.873251
4.873444
4.873095
4.872226
4.873898
4.872870
4.873876
4.873544
4.873451
4.872851
4.873267
4.873688
4.873464
4.873600
4.873225
4.873637
4.872648
4.872504
4.872104
4.872741
4.872962
4.874172
4.873084
4.872892
4.873663
4.872806
4.874399
4.873114
4.875373
4.873798
4.873771
4.871888
4.872961
4.872995
4.873295
4.874105
4.873647
4.871439
4.873300
4.872086
4.872747
4.873460
4.873131
4.872589
4.873536
4.871750
4.873406
4.873492
4.873989
4.872990
4.873519
4.872208
4.872755
4.873317
4.872175
4.871866
4.873528
4.872017
4.873841
4.871874
4.873404
4.874388
4.873715
4.874764
4.874275
4.872683
4.873237
4.874060
4.873153
4.872027
4.874220
4.872862
4.872854
4.872237
4.873194
4.873399
4.872407
4.871546
4.873561
4.872058
4.872771
4.872165
4.873251
4.871728
4.875766
4.872217
4.871408
4.871982
4.872002
4.872439
4.873484
4.871297
4.873039
4.872731
4.874020
4.873260
4.873522
4.873079
4.873265
4.872922
4.873057
4.872509
4.872618
4.872510
4.874218
4.872722
4.875203
4.873496
4.873656
4.873233
4.872727
4.874006
4.872450
4.875144
4.872172
4.872853
4.873568
4.873302
4.872407
4.873448
4.874724
4.873530
4.872112
4.873361
4.872045
4.873406
4.873961
4.871700
4.874606
4.874978
4.872476
4.873335
4.874555
4.873068
4.872939
4.873682
4.873661
4.872873
4.872067
4.870783
4.873924
4.872214
4.873499
4.873306
4.874274
4.872122
4.872681
4.873178
4.874199
4.870899
4.872973
4.873229
4.871103
4.872495
4.873037
4.873294
4.874335
4.872930
4.873612
4.874286
4.871935
4.873312
4.871949
4.872699
4.872519
4.873829
4.872734
4.873701
4.873568
4.874029
4.871341
4.871598
4.872955
4.874053
4.874583
4.873647
4.873762
4.874091
4.873273
4.873155
4.873273
4.872829
4.874397
4.873561
4.873028
4.873600
4.874171
4.874678
4.873253
4.874061
4.872855
4.873694
4.872606
4.871971
4.873604
4.872488
4.873237
4.870738
4.873688
4.872732
4.874214
4.871907
4.871983
4.873372
4.873836
4.873301
4.873524
4.872817
4.872871
4.872384
4.874782
4.871639
4.871926
4.872835
4.872271
4.873476
4.872451
4.872931
4.872360
4.871749
4.872160
4.873439
4.871075
4.873733
4.873940
4.873001
4.874399
4.871569
4.871746
4.871918
4.871191
4.872580
4.872883
4.873874
4.872766
4.874089
4.872847
4.873793
4.871785
4.873068
4.873377
4.875155
4.872599
4.872354
4.873700
4.872691
4.872683
4.873517
4.871907
4.872774
4.873685
4.872740
4.875284
4.873962
4.872482
4.873370
4.872858
4.874508
4.873918
4.873717
4.874241
4.873360
4.873716
4.872875
4.871638
4.873148
4.873176
4.873479
4.872671
4.873622
4.873346
4.872494
4.872201
4.873080
4.872219
4.872608
4.874087
4.872438
4.871142
4.871723
4.872989
4.872633
4.872484
4.872368
4.873581
4.874215
4.873766
4.873489
4.872316
4.873159
4.872777
4.872741
4.873263
4.873012
4.873580
4.874785
4.872459
4.873248
4.874505
4.872551
4.874249
4.872848
4.871356
4.872714
4.872499
4.875263
4.873444
4.875616
4.873150
4.872892
4.873710
4.873735
4.872835
4.873067
4.873073
4.873312
4.873162
4.871803
4.871496
4.872278
4.872834
4.874449
4.874392
4.872987
4.873597
4.872853
4.874291
4.873658
4.873510
4.874463
4.872742
4.874411
4.873278
4.871682
4.872731
4.871489
4.873463
4.873473
4.872270
4.873880
4.872638
4.874170
4.872110
4.874242
4.872904
4.871147
4.874518
4.872233
4.873025
4.873717
4.871625
4.872934
4.873275
4.872772
4.871853
4.873073
4.872875
4.873017
4.874151
4.874888
4.872704
4.873152
4.873064
4.872751
4.872442
4.873239
4.873429
4.873695
4.873192
4.871783
4.873815
4.873162
4.873259
4.872282
4.872951
4.872613
4.875257
4.873921
4.873285
4.872865
4.872912
4.873627
4.873325
4.873889
4.871350
4.874031
4.873067
4.872626
4.873501
4.872566
4.872982
4.871893
4.872317
4.873029
4.872803
4.871695
4.871830
4.872571
4.873905
4.873320
4.874313
4.871775
4.872200
4.874380
4.871985
4.872834
4.875635
4.871671
4.872343
4.873949
4.872876
4.872668
4.872261
4.874302
4.873544
4.872414
4.872230
4.873716
4.873307
4.873728
4.872441
4.872990
4.872240
4.872761
4.874791
4.873755
4.873825
4.873752
4.874674
4.872840
4.873312
4.872553
4.872488
4.872656
4.873073
4.874138
4.872227
4.872975
4.873592
4.874430
4.872243
4.872491
4.871749
4.874111
4.873853
4.873709
4.872882
4.872576
4.872657
4.875127
4.873287
4.873753
4.873157
4.872645
4.872809
4.873178
4.873972
4.872982
4.873150
4.872856
4.872256
4.872738
4.872319
4.872961
4.872936
4.872032
4.872988
4.872518
4.874004
4.872888
4.872943
4.873615
4.873145
4.873015
4.872152
4.871958
4.873688
4.873212
4.873061
4.873823
4.874151
4.872852
4.874879
4.872206
4.872346
4.874202
4.872832
4.873148
4.872780
4.873452
4.873146
4.872629
4.873782
4.873445
4.874159
4.874065
4.874582
4.874290
4.873197
4.872293
4.872141
4.874854
4.873438
4.873872
4.872987
4.873730
4.872156
4.872358
4.874113
4.873791
4.872398
4.874228
4.872541
4.873980
4.872811
4.874202
4.873198
4.873101
4.872899
4.871626
4.873113
4.873726
4.874335
4.873864
4.872429
4.872949
4.872088
4.872171
4.873677
4.873117
4.872499
4.873033
4.872829
4.872010
4.872376
4.872001
4.873845
4.872407
4.873330
4.874360
4.873795
4.873666
4.873340
4.873300
4.872842
4.873127
4.873465
4.872577
4.872905
4.873080
4.872729
4.872699
4.872077
4.872254
4.873885
4.873437
4.873387
4.873649
4.873513
4.874509
4.872671
4.872099
4.873479
4.871371
4.870712
4.872458
4.873346
4.872285
4.872982
4.873800
4.873450
4.873157
4.873833
4.873203
4.872980
4.872765
4.874772
4.874011
4.873429
4.874321
4.873200
4.873702
4.872392
4.872725
4.873355
4.874453
4.873693
4.872677
4.872238
4.871606
4.872743
4.874660
4.872573
4.874243
4.872230
4.872287
4.872249
4.872016
4.872619
4.872374
4.873621
4.872732
4.874584
4.872736
4.872301
4.873118
4.873866
4.872401
4.872860
4.874073
4.873414
4.874397
4.872658
4.870886
4.871276
4.873384
4.872293
4.874553
4.873431
4.873651
4.873347
4.872829
4.874071
4.873820
4.871468
4.873546
4.872193
4.872564
4.873863
4.873021
4.870625
4.872323
4.872619
4.873291
4.873238
4.872737
4.870190
4.872108
4.876073
4.871532
4.871851
4.873407
4.873090
4.873617
4.871847
4.873155
4.873482
4.873101
4.874711
4.874023
4.872366
4.873690
4.875080
4.873755
4.871913
4.872971
4.872975
4.873791
4.874612
4.873285
4.872451
4.873936
4.873641
4.873164
4.872236
4.873704
4.873521
4.874546
4.873743
4.872377
4.870873
4.873598
4.873295
4.872420
4.872592
4.872458
4.873001
4.873238
4.873571
4.872848
4.874252
4.872498
4.872329
4.872528
4.873388
4.871088
4.873239
4.873149
4.871839
4.872065
4.872560
4.872192
4.873516
4.873726
4.872612
4.874178
4.873163
4.872328
4.873390
4.872980
4.872691
4.872830
4.873352
4.872999
4.873802
4.872715
4.872856
4.872801
4.872572
4.873424
4.872414
4.873656
4.873392
4.873303
4.871864
4.873130
4.872256
4.872042
4.873738
4.872687
4.873623
4.872514
4.874075
4.870727
4.872574
4.873877
4.872236
4.872445
4.872920
4.874304
4.873555
4.873893
4.873154
4.874301
4.874127
4.875125
4.873485
4.876052
4.872514
4.872532
4.872399
4.873628
4.872909
4.873547
4.873720
4.872211
4.873172
4.873851
4.873764
4.872632
4.873899
4.872434
4.872526
4.872783
4.873120
4.873726
4.872023
4.873058
4.874426
4.872592
4.873862
4.873094
4.871977
4.872754
4.873786
4.873874
4.872371
4.874358
4.872867
4.874260
4.873785
4.872946
4.872532
4.873940
4.874405
4.873100
4.872833
4.872705
4.871707
4.873862
4.873528
4.873375
4.872333
4.872774
4.872574
4.873711
4.871632
4.873008
4.872042
4.872117
4.873245
4.873161
4.872502
4.873539
4.872214
4.874113
4.872395
4.874130
4.874781
4.872515
4.872834
4.872103
4.873377
4.873002
4.873675
4.872712
4.873198
4.873318
4.873376
4.874843
4.872443
4.872873
4.873282
4.872604
4.872590
4.872447
4.873186
4.873380
4.872035
4.873557
4.872405
4.873718
4.872811
4.873070
4.873228
4.872166
4.872144
4.874056
4.872915
4.873659
4.872549
4.873376
4.873511
4.872391
4.872796
4.872798
4.873326
4.873121
4.873007
4.872983
4.873326
4.873739
4.872787
4.872725
4.874255
4.873660
4.874336
4.872934
4.872388
4.872481
4.872781
4.872731
4.874037
4.872894
4.872279
4.874466
4.873087
4.872859
4.872135
4.873019
4.873028
4.872580
4.874388
4.873417
4.872563
4.873535
4.872034
4.873673
4.872871
4.874588
4.872668
4.873403
4.872217
4.871486
4.872991
4.873090
4.871477
4.872598
4.874365
4.874262
4.873689
4.873918
4.872408
4.874437
4.873726
4.872015
4.872796
4.874678
4.873002
4.872170
4.872647
4.872919
4.874075
4.873181
4.872410
4.872335
4.871784
4.873799
4.873680
4.874275
4.873428
4.873185
4.874221
4.872284
4.871956
4.874292
4.873862
4.871916
4.872533
4.874082
4.873854
4.872815
4.872341
4.873994
4.871741
4.873311
4.874475
4.874165
4.872729
4.871522
4.872254
4.872741
4.872709
4.873466
4.872687
4.874107
4.873014
4.871627
4.874025
4.873082
4.873932
4.873109
4.873207
4.872013
4.873819
4.871799
4.872930
4.871959
4.873718
4.873524
4.873119
4.873127
4.872938
4.872887
4.872169
4.873089
4.873533
4.872820
4.873333
4.872513
4.873140
4.872275
4.872184
4.873793
4.872621
4.872225
4.873780
4.873039
4.872125
4.873842
4.871304
4.872456
4.873238
4.873878
4.871791
4.873347
4.873214
4.873684
4.872557
4.872956
4.873197
4.872430
4.873004
4.873809
4.873133
4.872785
4.873960
4.872666
4.871794
4.873324
4.872292
4.873572
4.872085
4.873913
4.871747
4.872556
4.871198
4.871936
4.874143
4.873614
4.875389
4.872806
4.873858
4.873568
4.872608
4.871627
4.874998
4.873146
4.872890
4.872357
4.874518
4.873543
4.871203
4.873123
4.871946
4.873783
4.872470
4.873716
4.871380
4.874859
4.874694
4.872874
4.872493
4.871875
4.874416
4.871598
4.872471
4.872905
4.873016
4.874249
4.871280
4.872852
4.873787
4.871837
4.874736
4.872292
4.873759
4.872306
4.872207
4.872811
4.872377
4.872781
4.871829
4.873042
4.872538
4.871778
4.873909
4.873996
4.872091
4.873172
4.872734
4.872516
4.873945
4.873178
4.873546
4.872503
4.873652
4.874183
4.873835
4.872362
4.874279
4.874248
4.872643
4.873277
4.872588
4.872401
4.872832
4.873780
4.871921
4.873676
4.871548
4.873584
4.873411
4.873524
4.872211
4.874112
4.873427
4.872658
4.873445
4.872115
4.871741
4.872839
4.872524
4.871899
4.873610
4.872394
4.873533
4.872032
4.872813
4.873982
4.874546
4.872624
4.872439
4.872859
4.873839
4.872047
4.873271
4.872818
4.872112
4.873822
4.873376
4.872580
4.872427
4.871715
4.873166
4.872960
4.873734
4.873244
4.872760
4.873024
4.872028
4.871033
4.873142
4.874113
4.872708
4.873144
4.873476
4.873704
4.873093
4.873560
4.873766
4.872780
4.872712
4.873160
4.872149
4.874720
4.873319
4.873368
4.874235
4.873629
4.872351
4.872534
4.873070
4.872642
4.874602
4.871983
4.873669
4.871929
4.873967
4.872489
4.872890
4.872386
4.871984
4.870619
4.873608
4.873333
4.874149
4.874332
4.874039
4.874408
4.873114
4.872600
4.872852
4.872066
4.872928
4.872346
4.873456
4.872864
4.872690
4.872695
4.873533
4.874190
4.872169
4.873590
4.872989
4.873804
4.872930
4.873522
4.873291
4.871629
4.873653
4.874138
4.874506
4.874529
4.872622
4.872069
4.873920
4.871940
4.874372
4.875346
4.872992
4.873179
4.872879
4.873008
4.872749
4.873820
4.874304
4.872926
4.871882
4.872783
4.872986
4.872560
4.873639
4.872686
4.873761
4.873208
4.872992
4.872037
4.872940
4.872829
4.873020
4.872384
4.873222
4.873302
4.872980
4.873037
4.874526
4.874500
4.872125
4.873649
4.872098
4.870983
4.872931
4.873877
4.873576
4.873165
4.872419
4.873434
4.874275
4.874813
4.873949
4.873931
4.871727
4.872061
4.874473
4.873331
4.873046
4.874931
4.872860
4.871787
4.873735
4.872810
4.873632
4.872927
4.874603
4.873313
4.871874
4.873316
4.875126
4.873441
4.873743
4.872994
4.872741
4.873451
4.873193
4.873082
4.872745
4.873916
4.872870
4.871675
4.872041
4.872717
4.872392
4.872738
4.872942
4.873072
4.874107
4.874013
4.871718
4.872253
4.871432
4.871873
4.873866
4.874543
4.875058
4.872931
4.872500
4.872860
4.872917
4.873918
4.872496
4.872668
4.874314
4.872912
4.872186
4.873415
4.871720
4.872268
4.872434
4.873363
4.872647
4.873042
4.873194
4.874046
4.872391
4.872859
4.873265
4.873600
4.873988
4.873555
4.873570
4.873838
4.870832
4.873252
4.873964
4.871829
4.872655
4.873632
4.872223
4.872283
4.871626
4.873161
4.873615
4.873054
4.872680
4.873858
4.873713
4.872734
4.873689
4.873338
4.873380
4.872024
4.873768
4.872225
4.872590
4.874057
4.872298
4.872902
4.871620
4.873990
4.873787
4.873997
4.872763
4.875695
4.873281
4.872890
4.873017
4.873376
4.872867
4.872909
4.873869
4.873305
4.873109
4.873259
4.872400
4.873012
4.872049
4.873470
4.873391
4.873350
4.872825
4.872436
4.872561
4.872870
4.873218
4.873783
4.872453
4.873369
4.872860
4.871739
4.875095
4.874409
4.874042
4.871820
4.874560
4.872836
4.874696
4.873861
4.874143
4.873241
4.873001
4.872712
4.874175
4.873460
4.872290
4.874226
4.873267
4.873240
4.873939
4.873694
4.872107
4.873302
4.872124
4.872801
4.873143
4.872150
4.873448
4.873031
4.872649
4.873231
4.873305
4.871731
4.872449
4.874566
4.872187
4.873475
4.872587
4.874425
4.873374
4.871931
4.873187
4.874072
4.873435
4.873222
4.873969
4.872072
4.874035
4.872697
4.872358
4.873349
4.871961
4.872072
4.873448
4.873168
4.874448
4.873424
4.873057
4.873180
4.872967
4.873550
4.872945
4.873196
4.873101
4.873494
4.873888
4.872260
4.873439
4.872505
4.874085
4.872304
4.872599
4.873615
4.872744
4.873519
4.872531
4.872848
4.873327
4.872354
4.873360
4.871672
4.872183
4.874528
4.872583
4.872795
4.872903
4.875128
4.873702
4.872954
4.872245
4.874773
4.872508
4.873287
4.874015
4.872974
4.873076
4.874347
4.873237
4.872763
4.871990
4.872877
4.873254
4.873089
4.873304
4.873585
4.871862
4.873600
4.873195
4.874504
4.871745
4.873753
4.872081
4.874221
4.871457
4.872238
4.872555
4.872195
4.872084
4.872783
4.871154
4.873960
4.874896
4.873666
4.874183
4.875155
4.873223
4.872581
4.873910
4.871422
4.873811
4.873077
4.873946
4.873746
4.872732
4.872634
4.872201
4.872878
4.872492
4.871862
4.873913
4.873090
4.873026
4.873326
4.872441
4.871599
4.873019
4.873539
4.871569
4.871073
4.871063
4.874563
4.873609
4.871818
4.872789
4.872458
4.873448
4.870573
4.872094
4.873706
4.874084
4.872818
4.872466
4.874335
4.873497
4.872717
4.872769
4.873449
4.874218
4.874515
4.871964
4.872839
4.873954
4.873384
4.872828
4.874227
4.874537
4.874282
4.872889
4.871289
4.874389
4.874381
4.872676
4.869951
4.873330
4.872621
4.872275
4.873756
4.871506
4.871680
4.874921
4.873705
4.873405
4.871554
4.872860
4.871645
4.871671
4.874185
4.872509
4.873813
4.873865
4.874119
4.873376
4.872754
4.872614
4.872914
4.873424
4.873592
4.871412
4.874232
4.873338
4.872119
4.873315
4.873601
4.872319
4.875176
4.874436
4.872893
4.873045
4.873366
4.872797
4.873633
4.872329
4.873333
4.873799
4.871305
4.873170
4.873457
4.873530
4.872616
4.871415
4.873958
4.872557
4.874004
4.873468
4.873176
4.872700
4.871778
4.873324
4.870497
4.873161
4.872836
4.872299
4.872153
4.871093
4.872896
4.874195
4.871939
4.872933
4.872670
4.873408
4.873348
4.873310
4.873431
4.873681
4.872627
4.872676
4.872639
4.874014
4.873494
4.872390
4.873104
4.872306
4.873487
4.873474
4.872584
4.873844
4.871734
4.873839
4.873370
4.873692
4.873017
4.872740
4.873346
4.872384
4.871752
4.872837
4.874315
4.875196
4.874288
4.873939
4.871994
4.873475
4.873636
4.875030
4.872488
4.872591
4.871828
4.873401
4.872620
4.873213
4.872777
4.874527
4.872023
4.872672
4.872116
4.873643
4.872408
4.872789
4.872836
4.870204
4.873249
4.873850
4.876062
4.871909
4.872844
4.872950
4.872566
4.873456
4.872315
4.872574
4.871919
4.872234
4.870416
4.873985
4.873174
4.872443
4.873197
4.872128
4.872957
4.873459
4.872046
4.872691
4.872473
4.872647
4.872343
4.871584
4.873175
4.874577
4.873057
4.872221
4.873227
4.873572
4.873631
4.872488
4.874811
4.873710
4.873297
4.872509
4.873447
4.873083
4.872760
4.873224
4.874124
4.871951
4.872899
4.872537
4.873835
4.872930
4.872499
4.872883
4.874270
4.872497
4.872230
4.873383
4.872690
4.873173
4.872398
4.872897
4.872298
4.872985
4.872675
4.873980
4.872882
4.872334
4.873067
4.873229
4.874409
4.871980
4.875024
4.873414
4.872913
4.873289
4.872505
4.872110
4.872237
4.871887
4.873544
4.872085
4.872735
4.872150
4.873599
4.872405
4.871820
4.874230
4.873642
4.871375
4.871599
4.872582
4.871439
4.873357
4.872688
4.873194
4.872727
4.873580
4.871820
4.873528
4.874035
4.874375
4.872400
4.871997
4.872850
4.872628
4.872985
4.872425
4.872021
4.872486
4.873209
4.872864
4.873130
4.872590
4.873953
4.872198
4.871945
4.873694
4.873347
4.872942
4.872973
4.873676
4.871496
4.872540
4.873597
4.872759
4.873205
4.873364
4.872504
4.872793
4.872969
4.873656
4.871662
4.873456
4.873006
4.872006
4.872990
4.872991
4.872117
4.872110
4.872403
4.874002
4.872154
4.873393
4.874281
4.872289
4.871128
4.873301
4.873348
4.872231
4.871659
4.875037
4.871869
4.872010
4.874937
4.873742
4.874529
4.873068
4.874539
4.872922
4.873005
4.872767
4.873644
4.872704
4.872865
4.873856
4.872946
4.873531
4.874577
4.874068
4.873364
4.872497
4.874305
4.873600
4.870861
4.871859
4.873923
4.873146
4.871538
4.872166
4.872940
4.873817
4.872884
4.873290
4.871468
4.872875
4.873370
4.872643
4.873035
4.875279
4.871706
4.872869
4.872743
4.873359
4.873135
4.875089
4.873513
4.873170
4.872421
4.875365
4.873887
4.873109
4.873248
4.873146
4.873850
4.872874
4.873954
4.874094
4.872548
4.872208
4.871917
4.872714
4.872152
4.873699
4.872651
4.873384
4.873746
4.872469
4.872149
4.873898
4.872910
4.871876
4.873138
4.872342
4.874753
4.874224
4.872777
4.873908
4.874603
4.871753
4.873493
4.871571
4.872685
4.873137
4.873366
4.872375
4.872385
4.873125
4.873059
4.872291
4.873606
4.872114
4.873106
4.874151
4.874091
4.873093
4.872836
4.873845
4.873607
4.873441
4.873588
4.874074
4.873665
4.873790
4.872821
4.872465
4.873975
4.873542
4.874128
4.873112
4.874163
4.872627
4.873748
4.873212
4.874086
4.873509
4.873012
4.872114
4.872503
4.872819
4.874440
4.872556
4.873001
4.874141
4.873514
4.872500
4.873800
4.872182
4.873082
4.872751
4.873077
4.874399
4.872483
4.873143
4.871422
4.872988
4.873521
4.873470
4.871797
4.872471
4.871944
4.871194
4.873737
4.874513
4.871578
4.872875
4.872371
4.873544
4.873946
4.872047
4.873897
4.872292
4.872951
4.873247
4.873372
4.873032
4.873054
4.873084
4.872729
4.873148
4.873397
4.874088
4.872764
4.874400
4.872710
4.871382
4.872251
4.871325
4.872936
4.874067
4.873314
4.871330
4.872897
4.872719
4.874530
4.872498
4.873830
4.873580
4.873096
4.872850
4.874108
4.872211
4.873087
4.872257
4.873483
4.873900
4.872291
4.873982
4.873195
4.872331
4.872531
4.873707
4.872991
4.871853
4.872525
4.872670
4.874189
4.874358
4.872110
4.872879
4.873115
4.872777
4.873351
4.871885
4.872969
4.872811
4.872847
4.870248
4.874401
4.872575
4.873666
4.874172
4.873354
4.872868
4.873601
4.873498
4.873696
4.873103
4.872739
4.872672
4.872484
4.873476
4.872324
4.874516
4.872654
4.873823
4.873802
4.873584
4.872224
4.872970
4.873537
4.873401
4.872142
4.873321
4.873390
4.873809
4.872004
4.873326
4.872215
4.873701
4.872458
4.873828
4.872419
4.872791
4.873374
4.872754
4.872969
4.873011
4.871953
4.873618
4.873368
4.872457
4.872803
4.872511
4.872480
4.872991
4.872102
4.872677
4.873606
4.872293
4.872301
4.874439
4.872317
4.873266
4.873004
4.872621
4.872304
4.872582
4.874118
4.871386
4.872690
4.872422
4.872775
4.873187
4.872650
4.873467
4.874080
4.872731
4.874745
4.875007
4.871631
4.873928
4.875295
4.873205
4.872716
4.874486
4.872209
4.872975
4.872686
4.873514
4.872290
4.873733
4.872962
4.872694
4.873645
4.873931
4.874772
4.873822
4.874203
4.873873
4.872935
4.872761
4.872699
4.872270
4.874625
4.871374
4.873191
4.873629
4.873076
4.873767
4.873792
4.872941
4.872336
4.872959
4.873759
4.873595
4.873613
4.873474
4.872640
4.871672
4.874491
4.872125
4.873555
4.872307
4.875211
4.872274
4.872311
4.872753
4.874426
4.872190
4.874841
4.874495
4.873153
4.873234
4.872900
4.873699
4.873196
4.872667
4.872622
4.874249
4.873409
4.873632
4.873986
4.873895
4.873066
4.871844
4.873534
4.874376
4.873444
4.872298
4.872583
4.873927
4.873580
4.872994
4.872944
4.874242
4.873221
4.873043
4.874074
4.874284
4.872738
4.873128
4.872771
4.872696
4.873940
4.873249
4.872002
4.872987
4.874564
4.873693
4.872179
4.873398
4.873702
4.871829
4.873405
4.873748
4.874564
4.872580
4.872940
4.872666
4.872415
4.872260
4.873286
4.873576
4.873023
4.872973
4.873255
4.873786
4.871733
4.872593
4.871886
4.872747
4.873063
4.872739
4.873064
4.873036
4.873873
4.873986
4.871319
4.873580
4.872170
4.872873
4.873308
4.872540
4.871699
4.871990
4.872047
4.871998
4.872461
4.871607
4.874218
4.872523
4.872917
4.873260
4.872685
4.873776
4.872723
4.873517
4.872473
4.872180
4.873253
4.873605
4.873172
4.873300
4.872069
4.873392
4.873099
4.873284
4.873630
4.873261
4.873188
4.872584
4.872977
4.872236
4.873763
4.871539
4.872153
4.872536
4.873217
4.873356
4.872299
4.873326
4.871676
4.873649
4.872416
4.870696
4.873468
4.873693
4.873141
4.874167
4.872712
4.873314
4.872553
4.873191
4.873139
4.872105
4.873212
4.872933
4.873861
4.874762
4.872333
4.871726
4.870137
4.871961
4.872338
4.872598
4.874613
4.874132
4.874435
4.874036
4.873345
4.872546
4.873153
4.872811
4.872451
4.872349
4.874842
4.873866
4.872841
4.872756
4.871509
4.871780
4.872730
4.871893
4.873712
4.872863
4.873799
4.872689
4.872287
4.873260
4.873498
4.872648
4.872186
4.873490
4.873175
4.872535
4.873500
4.873558
4.872627
4.872179
4.872205
4.872793
4.872655
4.873457
4.872204
4.873052
4.874948
4.873407
4.874407
4.871806
4.873787
4.873972
4.872076
4.873863
4.875502
4.873784
4.872587
4.872751
4.872847
4.873166
4.872693
4.873066
4.872315
4.874146
4.873885
4.873086
4.874137
4.873485
4.872281
4.872621
4.873833
4.873434
4.872805
4.872199
4.873609
4.872847
4.872779
4.873765
4.873249
4.873333
4.873277
4.872404
4.873044
4.872892
4.872147
4.872790
4.872712
4.873252
4.873878
4.872770
4.872425
4.872822
4.874768
4.870832
4.872150
4.872595
4.873841
4.872662
4.872669
4.873062
4.873844
4.874450
4.873016
4.873236
4.872651
4.874553
4.873065
4.873009
4.873891
4.872560
4.873936
4.873550
4.874670
4.871855
4.872862
4.872217
4.873119
4.871579
4.872507
4.872687
4.872425
4.873675
4.874611
4.871828
4.873572
4.874938
4.872073
4.873949
4.873212
4.873143
4.873558
4.873508
4.873690
4.872390
4.872379
4.874220
4.872433
4.873305
4.873222
4.872823
4.872229
4.873110
4.873242
4.872770
4.872286
4.873004
4.872467
4.873602
4.874269
4.872980
4.873160
4.873484
4.873151
4.873701
4.871705
4.874419
4.872526
4.872957
4.873787
4.872435
4.871738
4.874749
4.874906
4.872805
4.872785
4.873987
4.873814
4.872592
4.874404
4.873469
4.873497
4.873062
4.872273
4.872988
4.872383
4.871814
4.873062
4.873330
4.873888
4.872151
4.872594
4.873582
4.872813
4.872832
4.872613
4.870879
4.871931
4.872225
4.873775
4.872994
4.873480
4.872987
4.872441
4.874382
4.872078
4.874148
4.874040
4.872465
4.873089
4.873601
4.873469
4.872192
4.873822
4.873635
4.874261
4.873061
4.873350
4.872998
4.872722
4.872913
4.874133
4.872282
4.871564
4.871351
4.873689
4.873670
4.873262
4.873213
4.872314
4.870834
4.874021
4.873528
4.873691
4.873434
4.872715
4.873818
4.873070
4.873107
4.871484
4.873776
4.873548
4.873557
4.872963
4.874005
4.873481
4.873132
4.871986
4.873757
4.871696
4.873493
4.873882
4.874689
4.874082
4.872303
4.872075
4.872563
4.874309
4.872427
4.874372
4.872072
4.874277
4.874095
4.872824
4.874094
4.873799
4.873743
4.874219
4.874890
4.872771
4.873252
4.872658
4.872462
4.873580
4.875242
4.872615
4.872257
4.873747
4.872813
4.872563
4.873634
4.873660
4.873310
4.873404
4.872346
4.875030
4.873483
4.873645
4.874095
4.872793
4.873407
4.872948
4.873120
4.874007
4.874759
4.874686
4.871853
4.872769
4.872378
4.874410
4.872054
4.872840
4.873708
4.872407
4.872758
4.872777
4.871964
4.873978
4.873125
4.873491
4.872763
4.874136
4.874291
4.873364
4.874397
4.873727
4.874105
4.873175
4.873192
4.873194
4.872473
4.874969
4.873835
4.873936
4.873791
4.873030
4.874884
4.873820
4.872696
4.872622
4.872251
4.873145
4.871966
4.874755
4.873233
4.873300
4.873847
4.872851
4.871017
4.872794
4.872821
4.874544
4.873643
4.873776
4.873119
4.874783
4.872890
4.873508
4.873412
4.873295
4.872803
4.873862
4.871899
4.874273
4.874438
4.873456
4.875061
4.874566
4.873217
4.873690
4.873260
4.873115
4.872231
4.872734
4.874016
4.871737
4.873198
4.873023
4.872265
4.872374
4.874355
4.872220
4.873817
4.874124
4.872072
4.872889
4.873201
4.873463
4.872786
4.873248
4.872016
4.874109
4.873403
4.871756
4.873146
4.873249
4.872310
4.872866
4.872679
4.872338
4.873129
4.876132
4.873033
4.874487
4.873579
4.872114
4.871378
4.873250
4.872696
4.873713
4.874369
4.874406
4.874374
4.874388
4.872585
4.874459
4.872732
4.872723
4.874127
4.874303
4.872217
4.872716
4.874371
4.873554
4.873008
4.873690
4.872613
4.873535
4.873837
4.873221
4.872806
4.873052
4.874635
4.871909
4.874014
4.871209
4.872489
4.874469
4.873187
4.872955
4.873434
4.872289
4.872643
4.873794
4.872442
4.873544
4.871734
4.873243
4.872009
4.871615
4.873595
4.872656
4.874056
4.873616
4.873176
4.873799
4.873762
4.874143
4.873151
4.872404
4.873264
4.874383
4.871723
4.872314
4.873053
4.872514
4.872633
4.872603
4.873722
4.873915
4.870527
4.872597
4.874657
4.873725
4.873034
4.873470
4.874199
4.871145
4.873117
4.872289
4.872853
4.873841
4.874131
4.872689
4.875351
4.872386
4.873473
4.872480
4.873754
4.872372
4.873594
4.874195
4.873514
4.873369
4.873731
4.873644
4.873420
4.873979
4.873027
4.872994
4.874180
4.873495
4.873356
4.872134
4.873399
4.872469
4.873537
4.873226
4.873812
4.871832
4.873683
4.873837
4.872395
4.872491
4.872647
4.872518
4.873211
4.873555
4.873013
4.871634
4.874322
4.873714
4.872153
4.874322
4.872070
4.872135
4.872855
4.872585
4.873177
4.873626
4.874708
4.872198
4.872525
4.873093
4.873036
4.874382
4.873461
4.873453
4.872790
4.872536
4.872825
4.870447
4.872798
4.872227
4.872887
4.873259
4.873378
4.874039
4.873679
4.873802
4.873220
4.871045
4.872020
4.874453
4.873420
4.873878
4.872004
4.874600
4.872280
4.874104
4.874315
4.872854
4.873376
4.873677
4.872572
4.872452
4.871827
4.872673
4.872454
4.871736
4.873579
4.872403
4.873212
4.874307
4.872143
4.874532
4.872094
4.873327
4.872573
4.873873
4.871214
4.872848
4.871961
4.872954
4.873940
4.872260
4.874207
4.873996
4.873445
4.872756
4.872847
4.872477
4.872877
4.873190
4.872769
4.873098
4.874343
4.874357
4.872898
4.873045
4.874007
4.873865
4.873908
4.872608
4.873783
4.872376
4.872187
4.873849
4.873018
4.872778
4.873220
4.872485
4.872860
4.873454
4.872388
4.873137
4.871072
4.874554
4.872513
4.873379
4.874369
4.873896
4.873143
4.873595
4.873412
4.873170
4.873523
4.871492
4.874293
4.871019
4.873026
4.873605
4.871438
4.873733
4.873193
4.874356
4.872598
4.873108
4.874037
4.872046
4.873538
4.871523
4.872580
4.873671
4.872041
4.873559
4.873921
4.873768
4.873281
4.871196
4.874159
4.873502
4.872759
4.873489
4.871290
4.872699
4.873086
4.871586
4.872453
4.873339
4.872671
4.873673
4.873925
4.872197
4.872349
4.873402
4.873278
4.873430
4.870843
4.873913
4.872930
4.872957
4.873675
4.872533
4.871767
4.872218
4.872367
4.872568
4.871501
4.873040
4.873429
4.872967
4.871896
4.871849
4.873872
4.873876
4.872192
4.871824
4.873329
4.873294
4.873103
4.872061
4.873067
4.871286
4.873828
4.872764
4.873523
4.873559
4.873548
4.871656
4.873853
4.874743
4.872689
4.873399
4.873713
4.873190
4.872400
4.872999
4.873116
4.873378
4.873314
4.873392
4.872794
4.873104
4.873093
4.870959
4.872552
4.873420
4.873722
4.873052
4.871601
4.874131
4.872750
4.874545
4.872599
4.873565
4.873608
4.872719
4.872523
4.872394
4.873803
4.872645
4.872637
4.873019
4.872545
4.872405
4.872046
4.874220
4.872354
4.873081
4.871609
4.872058
4.872985
4.872311
4.870207
4.874129
4.874668
4.871928
4.872167
4.872701
4.872959
4.872264
4.873682
4.872431
4.873278
4.872857
4.873848
4.872464
4.871973
4.874851
4.871920
4.873014
4.873030
4.873966
4.873214
4.874217
4.871514
4.872314
4.873091
4.874667
4.872790
4.872712
4.872725
4.873239
4.873544
4.873254
4.874391
4.872559
4.873651
4.873600
4.871701
4.872779
4.872262
4.872513
4.873164
4.872098
4.874326
4.872650
4.874997
4.873756
4.874174
4.872786
4.872103
4.871703
4.872784
4.871824
4.871552
4.873899
4.873968
4.872723
4.871941
4.872810
4.873644
4.873059
4.873471
4.873212
4.873222
4.872667
4.872046
4.873760
4.872906
4.873174
4.872717
4.872185
4.872187
4.874033
4.875116
4.873391
4.873715
4.873536
4.872962
4.873382
4.872809
4.872102
4.874140
4.872041
4.874464
4.872576
4.871366
4.873391
4.871993
4.872785
4.873483
4.874013
4.874610
4.872890
4.875045
4.873944
4.873302
4.873069
4.873066
4.873706
4.874213
4.873528
4.872747
4.871939
4.873908
4.873382
4.873463
4.873165
4.871819
4.874354
4.872543
4.872553
4.873146
4.873369
4.873018
4.872199
4.873520
4.871408
4.872364
4.872438
4.873741
4.873688
4.872862
4.873736
4.872369
4.873246
4.872505
4.874253
4.873821
4.873943
4.871572
4.873093
4.873676
4.873124
4.874333
4.872999
4.871791
4.874290
4.872836
4.874954
4.872812
4.873302
4.872832
4.871658
4.873565
4.872334
4.873035
4.872298
4.872774
4.872700
4.874187
4.873582
4.873321
4.874365
4.873633
4.873492
4.873862
4.874216
4.873934
4.871871
4.874926
4.873071
4.873029
4.873206
4.873726
4.872568
4.873504
4.874659
4.871052
4.873139
4.873373
4.872438
4.873178
4.873036
4.872840
4.872989
4.874107
4.872128
4.873024
4.873972
4.872225
4.874937
4.873318
4.873256
4.871352
4.873331
4.873096
4.873378
4.872833
4.871777
4.872312
4.872210
4.872629
4.873367
4.872558
4.873402
4.875006
4.870994
4.872985
4.872993
4.873639
4.872413
4.873461
4.872554
4.873293
4.872772
4.873970
4.872719
4.872754
4.874002
4.872754
4.872460
4.872480
4.875005
4.873115
4.872595
4.873420
4.873584
4.872989
4.873997
4.873088
4.872680
4.871658
4.872825
4.873177
4.872520
4.874268
4.872694
4.873633
4.873045
4.872766
4.871410
4.872822
4.872861
4.873226
4.872851
4.872724
4.873123
4.872320
4.874140
4.871879
4.873096
4.873591
4.873426
4.873196
4.873287
4.874570
4.872957
4.871851
4.874325
4.873145
4.873219
4.873183
4.874500
4.871451
4.873666
4.872893
4.874045
4.873142
4.874511
4.872872
4.872004
4.872984
4.871562
4.873293
4.874000
4.873359
4.873438
4.872069
4.872849
4.873030
4.872496
4.872423
4.873098
4.874206
4.872357
4.872519
4.873512
4.874001
4.872317
4.871523
4.873449
4.873095
4.872031
4.872381
4.872849
4.871826
4.872287
4.871831
4.873153
4.872888
4.871592
4.872412
4.872815
4.872369
4.874233
4.872769
4.872496
4.873415
4.873708
4.873743
4.874776
4.872203
4.872441
4.871575
4.873749
4.873760
4.874779
4.874919
4.872645
4.874150
4.872846
4.874480
4.873958
4.872675
4.872661
4.873070
4.872409
4.873583
4.873606
4.871928
4.873537
4.873686
4.871915
4.873964
4.873283
4.871813
4.872986
4.873046
4.871887
4.871929
4.874219
4.873175
4.872520
4.873169
4.874107
4.873948
4.874650
4.872008
4.873473
4.872780
4.872687
4.871956
4.874005
4.873500
4.872839
4.872798
4.871909
4.872452
4.873159
4.873612
4.873384
4.873893
4.873362
4.871761
4.872826
4.871698
4.873132
4.872179
4.873018
4.872469
4.872915
4.873501
4.872992
4.872542
4.873048
4.873022
4.872749
4.873127
4.871513
4.872966
4.873573
4.873345
4.871875
4.872815
4.872905
4.872520
4.872556
4.872858
4.873401
4.872905
4.872352
4.874691
4.873120
4.874144
4.874224
4.873925
4.872159
4.873596
4.872625
4.872466
4.872720
4.872715
4.872395
4.871827
4.873499
4.873045
4.872967
4.873084
4.874642
4.874062
4.872040
4.872665
4.873225
4.872515
4.872217
4.871467
4.873225
4.872832
4.873045
4.873321
4.873667
4.871904
4.874258
4.872605
4.871525
4.874513
4.873143
4.872724
4.871863
4.872563
4.872105
4.873062
4.872621
4.873373
4.872124
4.871925
4.873969
4.874058
4.873360
4.874181
4.873339
4.872199
4.873640
4.873102
4.873167
4.873780
4.872119
4.873499
4.873434
4.874311
4.872994
4.873410
4.873570
4.873202
4.873016
4.873926
4.872847
4.873715
4.873061
4.873375
4.873005
4.873113
4.873791
4.873067
4.872307
4.873346
4.873903
4.874166
4.872050
4.874558
4.873525
4.874164
4.874556
4.873851
4.875369
4.872141
4.872920
4.872807
4.873752
4.872341
4.872471
4.872066
4.873818
4.872991
4.872447
4.872364
4.873461
4.873866
4.874252
4.873006
4.873916
4.873578
4.873215
4.872922
4.873722
4.874502
4.871909
4.872413
4.870996
4.873648
4.873765
4.872450
4.873136
4.873589
4.873878
4.873602
4.874131
4.873294
4.873976
4.871777
4.873864
