5000
1
-2.000000 2.000000
0.056768
0.056768
0.056768
0.056768
0.056768
0.057164
0.057164
0.057164
0.057164
0.057563
0.057563
0.057563
0.057563
0.057563
0.057963
0.057963
0.057963
0.057963
0.058359
0.058359
0.058359
0.058359
0.058752
0.058752
0.058752
0.058752
0.059150
0.059150
0.059150
0.059150
0.059150
0.059547
0.059547
0.059547
0.059547
0.059939
0.059939
0.059939
0.059939
0.060332
0.060332
0.060332
0.060332
0.060724
0.060724
0.060724
0.060724
0.061120
0.061120
0.061120
0.061120
0.061511
0.061511
0.061511
0.061511
0.061900
0.061900
0.061900
0.061900
0.061900
0.062293
0.062293
0.062293
0.062293
0.062683
0.062683
0.062683
0.062683
0.063072
0.063072
0.063072
0.063459
0.063459
0.063459
0.063459
0.063849
0.063849
0.063849
0.063849
0.064238
0.064238
0.064238
0.064238
0.064622
0.064622
0.064622
0.064622
0.065009
0.065009
0.065009
0.065009
0.065393
0.065393
0.065393
0.065393
0.065777
0.065777
0.065777
0.065777
0.066166
0.066166
0.066166
0.066548
0.066548
0.066548
0.066548
0.066929
0.066929
0.066929
0.066929
0.067310
0.067310
0.067310
0.067310
0.067699
0.067699
0.067699
0.068076
0.068076
0.068076
0.068076
0.068451
0.068451
0.068451
0.068451
0.068839
0.068839
0.068839
0.069219
0.069219
0.069219
0.069219
0.069594
0.069594
0.069594
0.069974
0.069974
0.069974
0.069974
0.070351
0.070351
0.070351
0.070351
0.070731
0.070731
0.070731
0.071101
0.071101
0.071101
0.071101
0.071486
0.071486
0.071486
0.071851
0.071851
0.071851
0.071851
0.072234
0.072234
0.072234
0.072606
0.072606
0.072606
0.072982
0.072982
0.072982
0.072982
0.073350
0.073350
0.073350
0.073733
0.073733
0.073733
0.073733
0.074096
0.074096
0.074096
0.074469
0.074469
0.074469
0.074844
0.074844
0.074844
0.074844
0.075210
0.075210
0.075210
0.075580
0.075580
0.075580
0.075951
0.075951
0.075951
0.075951
0.076320
0.076320
0.076320
0.076691
0.076691
0.076691
0.077058
0.077058
0.077058
0.077433
0.077433
0.077433
0.077433
0.077798
0.077798
0.077798
0.078158
0.078158
0.078158
0.078525
0.078525
0.078525
0.078890
0.078890
0.078890
0.079260
0.079260
0.079260
0.079260
0.079622
0.079622
0.079622
0.079984
0.079984
0.079984
0.080353
0.080353
0.080353
0.080711
0.080711
0.080711
0.081073
0.081073
0.081073
0.081438
0.081438
0.081438
0.081800
0.081800
0.081800
0.082158
0.082158
0.082158
0.082519
0.082519
0.082519
0.082880
0.082880
0.082880
0.083239
0.083239
0.083239
0.083600
0.083600
0.083600
0.083958
0.083958
0.083958
0.084317
0.084317
0.084317
0.084678
0.084678
0.084678
0.085029
0.085029
0.085029
0.085384
0.085384
0.085384
0.085739
0.085739
0.085739
0.086098
0.086098
0.086098
0.086450
0.086450
0.086450
0.086804
0.086804
0.086804
0.087161
0.087161
0.087161
0.087514
0.087514
0.087872
0.087872
0.087872
0.088223
0.088223
0.088223
0.088574
0.088574
0.088574
0.088929
0.088929
0.088929
0.089274
0.089274
0.089274
0.089629
0.089629
0.089981
0.089981
0.089981
0.090331
0.090331
0.090331
0.090674
0.090674
0.090674
0.091029
0.091029
0.091382
0.091382
0.091382
0.091726
0.091726
0.091726
0.092068
0.092068
0.092068
0.092424
0.092424
0.092771
0.092771
0.092771
0.093117
0.093117
0.093117
0.093466
0.093466
0.093813
0.093813
0.093813
0.094149
0.094149
0.094149
0.094496
0.094496
0.094846
0.094846
0.094846
0.095182
0.095182
0.095182
0.095533
0.095533
0.095876
0.095876
0.095876
0.096213
0.096213
0.096563
0.096563
0.096563
0.096893
0.096893
0.096893
0.097249
0.097249
0.097585
0.097585
0.097585
0.097923
0.097923
0.098266
0.098266
0.098266
0.098609
0.098609
0.098950
0.098950
0.098950
0.099280
0.099280
0.099630
0.099630
0.099630
0.099961
0.099961
0.100306
0.100306
0.100306
0.100634
0.100634
0.100980
0.100980
0.100980
0.101315
0.101315
0.101650
0.101650
0.101650
0.101990
0.101990
0.102321
0.102321
0.102321
0.102661
0.102661
0.102983
0.102983
0.102983
0.103332
0.103332
0.103655
0.103655
0.104001
0.104001
0.104001
0.104332
0.104332
0.104653
0.104653
0.104653
0.105002
0.105002
0.105325
0.105325
0.105664
0.105664
0.105664
0.105995
0.105995
0.106318
0.106318
0.106657
0.106657
0.106657
0.106985
0.106985
0.107306
0.107306
0.107642
0.107642
0.107642
0.107972
0.107972
0.108298
0.108298
0.108621
0.108621
0.108621
0.108962
0.108962
0.109285
0.109285
0.109604
0.109604
0.109947
0.109947
0.109947
0.110263
0.110263
0.110590
0.110590
0.110911
0.110911
0.110911
0.111258
0.111258
0.111574
0.111574
0.111887
0.111887
0.112215
0.112215
0.112215
0.112543
0.112543
0.112869
0.112869
0.113187
0.113187
0.113507
0.113507
0.113833
0.113833
0.113833
0.114162
0.114162
0.114485
0.114485
0.114802
0.114802
0.115120
0.115120
0.115438
0.115438
0.115763
0.115763
0.115763
0.116095
0.116095
0.116404
0.116404
0.116720
0.116720
0.117049
0.117049
0.117363
0.117363
0.117680
0.117680
0.117998
0.117998
0.117998
0.118327
0.118327
0.118635
0.118635
0.118951
0.118951
0.119267
0.119267
0.119585
0.119585
0.119905
0.119905
0.120218
0.120218
0.120533
0.120533
0.120845
0.120845
0.121156
0.121156
0.121473
0.121473
0.121797
0.121797
0.121797
0.122105
0.122105
0.122420
0.122420
0.122736
0.122736
0.123051
0.123051
0.123361
0.123361
0.123670
0.123670
0.123981
0.123981
0.124296
0.124296
0.124607
0.124607
0.124921
0.124921
0.125227
0.125227
0.125536
0.125536
0.125848
0.125848
0.126161
0.126161
0.126467
0.126467
0.126779
0.126779
0.127082
0.127082
0.127389
0.127389
0.127706
0.127706
0.128003
0.128003
0.128321
0.128628
0.128628
0.128929
0.128929
0.129243
0.129243
0.129546
0.129546
0.129846
0.129846
0.130151
0.130151
0.130466
0.130466
0.130765
0.130765
0.131072
0.131072
0.131373
0.131373
0.131674
0.131674
0.131980
0.132291
0.132291
0.132592
0.132592
0.132897
0.132897
0.133192
0.133192
0.133498
0.133498
0.133797
0.133797
0.134099
0.134099
0.134396
0.134703
0.134703
0.135010
0.135010
0.135308
0.135308
0.135604
0.135604
0.135905
0.135905
0.136194
0.136194
0.136504
0.136810
0.136810
0.137102
0.137102
0.137410
0.137410
0.137694
0.137694
0.137998
0.138303
0.138303
0.138595
0.138595
0.138881
0.138881
0.139183
0.139183
0.139474
0.139784
0.139784
0.140078
0.140078
0.140368
0.140368
0.140666
0.140666
0.140948
0.141257
0.141257
0.141547
0.141547
0.141842
0.141842
0.142133
0.142443
0.142443
0.142728
0.142728
0.143016
0.143016
0.143303
0.143613
0.143613
0.143899
0.143899
0.144182
0.144182
0.144478
0.144780
0.144780
0.145067
0.145067
0.145344
0.145344
0.145646
0.145944
0.145944
0.146218
0.146218
0.146504
0.146816
0.146816
0.147091
0.147091
0.147364
0.147364
0.147676
0.147962
0.147962
0.148237
0.148237
0.148541
0.148825
0.148825
0.149103
0.149103
0.149396
0.149683
0.149683
0.149954
0.149954
0.150251
0.150542
0.150542
0.150818
0.150818
0.151120
0.151395
0.151395
0.151670
0.151670
0.151971
0.152256
0.152256
0.152518
0.152842
0.152842
0.153106
0.153106
0.153380
0.153681
0.153681
0.153938
0.153938
0.154230
0.154525
0.154525
0.154786
0.154786
0.155082
0.155355
0.155355
0.155634
0.155928
0.155928
0.156199
0.156199
0.156495
0.156761
0.156761
0.157040
0.157326
0.157326
0.157591
0.157896
0.157896
0.158151
0.158151
0.158440
0.158726
0.158726
0.158990
0.159279
0.159279
0.159545
0.159545
0.159841
0.160098
0.160098
0.160385
0.160657
0.160657
0.160932
0.161216
0.161216
0.161478
0.161776
0.161776
0.162021
0.162021
0.162332
0.162585
0.162585
0.162877
0.163139
0.163139
0.163416
0.163686
0.163686
0.163969
0.164235
0.164235
0.164505
0.164781
0.164781
0.165051
0.165338
0.165338
0.165602
0.165874
0.165874
0.166138
0.166424
0.166424
0.166685
0.166962
0.166962
0.167224
0.167497
0.167497
0.167771
0.168031
0.168031
0.168306
0.168577
0.168577
0.168849
0.169115
0.169115
0.169390
0.169650
0.169650
0.169926
0.170188
0.170188
0.170459
0.170716
0.170716
0.171007
0.171254
0.171532
0.171532
0.171786
0.172075
0.172075
0.172321
0.172597
0.172597
0.172857
0.173105
0.173105
0.173399
0.173642
0.173642
0.173932
0.174178
0.174460
0.174460
0.174721
0.174975
0.174975
0.175254
0.175501
0.175501
0.175788
0.176025
0.176303
0.176303
0.176556
0.176823
0.176823
0.177091
0.177332
0.177623
0.177623
0.177868
0.178126
0.178126
0.178404
0.178644
0.178924
0.178924
0.179165
0.179432
0.179432
0.179699
0.179938
0.180226
0.180226
0.180479
0.180718
0.180718
0.181007
0.181239
0.181501
0.181501
0.181767
0.182014
0.182294
0.182294
0.182539
0.182785
0.182785
0.183067
0.183309
0.183572
0.183572
0.183829
0.184071
0.184343
0.184343
0.184603
0.184836
0.185115
0.185115
0.185356
0.185594
0.185892
0.185892
0.186123
0.186356
0.186356
0.186644
0.186877
0.187123
0.187123
0.187413
0.187643
0.187881
0.187881
0.188155
0.188404
0.188640
0.188640
0.188924
0.189156
0.189388
0.189676
0.189676
0.189915
0.190147
0.190423
0.190423
0.190677
0.190899
0.191171
0.191171
0.191427
0.191666
0.191901
0.191901
0.192179
0.192415
0.192642
0.192928
0.192928
0.193168
0.193407
0.193660
0.193660
0.193915
0.194150
0.194386
0.194386
0.194663
0.194898
0.195125
0.195389
0.195389
0.195651
0.195877
0.196112
0.196382
0.196382
0.196623
0.196860
0.197109
0.197109
0.197367
0.197596
0.197835
0.198090
0.198090
0.198351
0.198581
0.198813
0.199070
0.199070
0.199316
0.199552
0.199786
0.200039
0.200039
0.200298
0.200523
0.200750
0.201002
0.201002
0.201248
0.201492
0.201736
0.201968
0.201968
0.202225
0.202454
0.202685
0.202931
0.202931
0.203189
0.203413
0.203659
0.203880
0.204152
0.204152
0.204393
0.204604
0.204840
0.205088
0.205088
0.205343
0.205576
0.205813
0.206030
0.206287
0.206287
0.206534
0.206760
0.206986
0.207215
0.207472
0.207472
0.207722
0.207952
0.208177
0.208394
0.208664
0.208664
0.208905
0.209124
0.209351
0.209578
0.209833
0.209833
0.210069
0.210291
0.210522
0.210753
0.211002
0.211002
0.211238
0.211472
0.211697
0.211925
0.212153
0.212413
0.212413
0.212644
0.212870
0.213097
0.213321
0.213553
0.213553
0.213807
0.214027
0.214248
0.214472
0.214710
0.214932
0.214932
0.215201
0.215408
0.215641
0.215871
0.216088
0.216318
0.216564
0.216564
0.216804
0.217033
0.217248
0.217469
0.217690
0.217918
0.217918
0.218173
0.218404
0.218623
0.218846
0.219065
0.219293
0.219518
0.219518
0.219771
0.219983
0.220204
0.220441
0.220658
0.220883
0.221099
0.221337
0.221337
0.221557
0.221788
0.222014
0.222239
0.222455
0.222675
0.222889
0.223137
0.223137
0.223352
0.223584
0.223809
0.224023
0.224247
0.224471
0.224692
0.224913
0.224913
0.225143
0.225387
0.225601
0.225807
0.226025
0.226250
0.226467
0.226688
0.226922
0.227136
0.227136
0.227376
0.227580
0.227811
0.228023
0.228239
0.228463
0.228675
0.228883
0.229123
0.229334
0.229334
0.229567
0.229780
0.229994
0.230216
0.230432
0.230652
0.230858
0.231076
0.231287
0.231520
0.231745
0.231955
0.231955
0.232168
0.232373
0.232609
0.232829
0.233041
0.233251
0.233471
0.233680
0.233902
0.234116
0.234322
0.234550
0.234765
0.234974
0.234974
0.235196
0.235404
0.235622
0.235830
0.236058
0.236261
0.236480
0.236693
0.236904
0.237120
0.237331
0.237543
0.237757
0.237970
0.238183
0.238388
0.238594
0.238810
0.239027
0.239027
0.239234
0.239440
0.239652
0.239863
0.240078
0.240286
0.240504
0.240708
0.240925
0.241127
0.241338
0.241546
0.241758
0.241973
0.242167
0.242380
0.242597
0.242801
0.243005
0.243219
0.243421
0.243641
0.243844
0.244048
0.244251
0.244457
0.244658
0.244880
0.245085
0.245300
0.245496
0.245496
0.245708
0.245903
0.246113
0.246318
0.246528
0.246730
0.246925
0.247152
0.247356
0.247552
0.247759
0.247961
0.248159
0.248364
0.248577
0.248777
0.248986
0.249182
0.249383
0.249588
0.249790
0.249999
0.250198
0.250406
0.250606
0.250804
0.250998
0.251205
0.251412
0.251618
0.251820
0.252019
0.252212
0.252414
0.252620
0.252811
0.253024
0.253217
0.253415
0.253616
0.253813
0.254018
0.254224
0.254414
0.254806
0.255012
0.255213
0.255417
0.255613
0.255827
0.256013
0.256208
0.256400
0.256600
0.256804
0.257000
0.257190
0.257389
0.257584
0.257782
0.257981
0.258171
0.258373
0.258572
0.258762
0.258962
0.259151
0.259339
0.259543
0.259727
0.259933
0.260125
0.260337
0.260522
0.260717
0.260915
0.261305
0.261500
0.261694
0.261886
0.262076
0.262274
0.262461
0.262646
0.262850
0.263054
0.263237
0.263419
0.263612
0.263800
0.263987
0.264180
0.264375
0.264564
0.264777
0.265148
0.265348
0.265533
0.265722
0.265909
0.266090
0.266285
0.266479
0.266672
0.266866
0.267050
0.267227
0.267418
0.267600
0.267797
0.268184
0.268373
0.268564
0.268752
0.268933
0.269111
0.269303
0.269494
0.269680
0.269866
0.270046
0.270236
0.270435
0.270819
0.270999
0.271191
0.271370
0.271554
0.271744
0.271936
0.272116
0.272284
0.272468
0.272645
0.272840
0.273216
0.273402
0.273583
0.273771
0.273959
0.274142
0.274320
0.274496
0.274679
0.274844
0.275253
0.275421
0.275600
0.275780
0.275967
0.276145
0.276314
0.276496
0.276686
0.276858
0.277246
0.277431
0.277604
0.277777
0.277954
0.278132
0.278311
0.278494
0.278678
0.279049
0.279225
0.279394
0.279576
0.279760
0.279938
0.280116
0.280289
0.280660
0.280846
0.281015
0.281190
0.281365
0.281536
0.281712
0.281895
0.282269
0.282425
0.282604
0.282784
0.282960
0.283137
0.283309
0.283469
0.283848
0.284016
0.284191
0.284367
0.284539
0.284708
0.284878
0.285265
0.285435
0.285599
0.285761
0.285928
0.286104
0.286284
0.286653
0.286817
0.286985
0.287155
0.287328
0.287504
0.287672
0.288034
0.288198
0.288364
0.288537
0.288711
0.288874
0.289237
0.289406
0.289587
0.289756
0.289916
0.290082
0.290438
0.290603
0.290773
0.290944
0.291111
0.291275
0.291625
0.291800
0.291963
0.292131
0.292299
0.292460
0.292814
0.292983
0.293147
0.293308
0.293469
0.293629
0.293985
0.294150
0.294307
0.294473
0.294645
0.294803
0.295162
0.295322
0.295485
0.295647
0.295805
0.296160
0.296320
0.296489
0.296650
0.296802
0.296957
0.297319
0.297471
0.297629
0.297793
0.297963
0.298307
0.298464
0.298627
0.298783
0.298928
0.299298
0.299443
0.299602
0.299767
0.299930
0.300271
0.300420
0.300574
0.300736
0.300903
0.301238
0.301397
0.301552
0.301704
0.301857
0.302210
0.302367
0.302523
0.302678
0.302836
0.303167
0.303325
0.303480
0.303629
0.303991
0.304140
0.304291
0.304441
0.304586
0.304926
0.305090
0.305244
0.305389
0.305734
0.305893
0.306034
0.306176
0.306329
0.306670
0.306820
0.306974
0.307127
0.307467
0.307610
0.307756
0.307904
0.308052
0.308393
0.308533
0.308678
0.308832
0.309174
0.309324
0.309474
0.309619
0.309957
0.310091
0.310234
0.310382
0.310713
0.310861
0.311015
0.311165
0.311485
0.311630
0.311779
0.311932
0.312253
0.312397
0.312542
0.312689
0.313014
0.313168
0.313311
0.313448
0.313778
0.313918
0.314062
0.314203
0.314533
0.314679
0.314821
0.314962
0.315283
0.315421
0.315562
0.315703
0.316027
0.316171
0.316311
0.316445
0.316778
0.316916
0.317047
0.317380
0.317521
0.317664
0.317803
0.318122
0.318254
0.318389
0.318529
0.318850
0.318985
0.319120
0.319447
0.319583
0.319717
0.319850
0.320172
0.320305
0.320441
0.320581
0.320895
0.321034
0.321172
0.321476
0.321611
0.321749
0.321891
0.322198
0.322332
0.322471
0.322784
0.322921
0.323052
0.323169
0.323494
0.323626
0.323754
0.324067
0.324200
0.324330
0.324638
0.324775
0.324907
0.325032
0.325328
0.325460
0.325597
0.325907
0.326036
0.326166
0.326481
0.326608
0.326734
0.327046
0.327174
0.327303
0.327433
0.327735
0.327858
0.327983
0.328299
0.328424
0.328550
0.328852
0.328972
0.329094
0.329406
0.329532
0.329655
0.329957
0.330081
0.330206
0.330333
0.330630
0.330753
0.330884
0.331192
0.331312
0.331426
0.331735
0.331857
0.331972
0.332262
0.332390
0.332517
0.332814
0.332938
0.333061
0.333350
0.333474
0.333600
0.333892
0.334009
0.334128
0.334422
0.334544
0.334669
0.334957
0.335071
0.335191
0.335490
0.335603
0.335715
0.336018
0.336139
0.336258
0.336537
0.336658
0.336949
0.337069
0.337186
0.337478
0.337589
0.337699
0.337989
0.338108
0.338224
0.338508
0.338623
0.338736
0.339015
0.339130
0.339252
0.339535
0.339647
0.339940
0.340052
0.340161
0.340450
0.340561
0.340673
0.340956
0.341070
0.341187
0.341465
0.341574
0.341847
0.341963
0.342077
0.342364
0.342463
0.342560
0.342861
0.342970
0.343076
0.343356
0.343467
0.343740
0.343848
0.343957
0.344222
0.344332
0.344621
0.344730
0.344836
0.345104
0.345217
0.345328
0.345598
0.345701
0.345982
0.346087
0.346191
0.346466
0.346569
0.346671
0.346950
0.347053
0.347313
0.347417
0.347524
0.347797
0.347897
0.348174
0.348271
0.348366
0.348641
0.348747
0.349018
0.349119
0.349220
0.349487
0.349590
0.349857
0.349964
0.350067
0.350316
0.350414
0.350690
0.350784
0.350878
0.351146
0.351250
0.351512
0.351609
0.351709
0.351968
0.352063
0.352331
0.352426
0.352523
0.352792
0.352882
0.353135
0.353234
0.353335
0.353601
0.353698
0.353946
0.354040
0.354307
0.354402
0.354496
0.354754
0.354853
0.355098
0.355191
0.355455
0.355549
0.355642
0.355894
0.355985
0.356242
0.356329
0.356415
0.356674
0.356767
0.357026
0.357115
0.357360
0.357450
0.357539
0.357792
0.357887
0.358139
0.358228
0.358484
0.358570
0.358653
0.358917
0.359008
0.359251
0.359340
0.359574
0.359666
0.359921
0.360004
0.360088
0.360328
0.360418
0.360670
0.360755
0.360993
0.361085
0.361338
0.361417
0.361497
0.361746
0.361826
0.362064
0.362148
0.362396
0.362481
0.362720
0.362805
0.362890
0.363124
0.363211
0.363450
0.363536
0.363775
0.363859
0.364089
0.364170
0.364398
0.364488
0.364578
0.364813
0.364894
0.365119
0.365199
0.365435
0.365520
0.365751
0.365835
0.366077
0.366155
0.366382
0.366464
0.366546
0.366778
0.366856
0.367080
0.367165
0.367380
0.367460
0.367704
0.367783
0.368010
0.368086
0.368314
0.368389
0.368610
0.368687
0.368910
0.368992
0.369222
0.369298
0.369373
0.369590
0.369665
0.369887
0.369965
0.370192
0.370264
0.370484
0.370561
0.370779
0.370856
0.371077
0.371152
0.371383
0.371456
0.371666
0.371743
0.371952
0.372028
0.372245
0.372315
0.372537
0.372608
0.372823
0.372898
0.373115
0.373181
0.373401
0.373469
0.373683
0.373750
0.373951
0.374030
0.374244
0.374317
0.374533
0.374603
0.374808
0.374880
0.375096
0.375163
0.375370
0.375435
0.375655
0.375724
0.375928
0.375995
0.376202
0.376269
0.376478
0.376546
0.376752
0.376817
0.377021
0.377086
0.377283
0.377353
0.377561
0.377627
0.377821
0.377890
0.378098
0.378165
0.378365
0.378429
0.378629
0.378694
0.378900
0.378965
0.379155
0.379219
0.379425
0.379490
0.379681
0.379747
0.379949
0.380012
0.380211
0.380275
0.380459
0.380518
0.380718
0.380919
0.380980
0.381166
0.381230
0.381423
0.381487
0.381679
0.381741
0.381923
0.381986
0.382187
0.382247
0.382440
0.382502
0.382691
0.382749
0.382932
0.383120
0.383182
0.383364
0.383424
0.383609
0.383670
0.383855
0.383912
0.384101
0.384162
0.384346
0.384401
0.384594
0.384659
0.384829
0.385005
0.385062
0.385251
0.385307
0.385488
0.385547
0.385729
0.385783
0.385957
0.386011
0.386201
0.386383
0.386435
0.386613
0.386668
0.386844
0.386899
0.387073
0.387128
0.387299
0.387353
0.387533
0.387710
0.387764
0.387937
0.387990
0.388163
0.388215
0.388384
0.388440
0.388617
0.388794
0.388842
0.389013
0.389063
0.389233
0.389286
0.389448
0.389501
0.389674
0.389835
0.389888
0.390065
0.390116
0.390278
0.390327
0.390486
0.390537
0.390707
0.390870
0.390920
0.391083
0.391133
0.391302
0.391351
0.391511
0.391677
0.391725
0.391889
0.391936
0.392090
0.392139
0.392298
0.392458
0.392507
0.392664
0.392712
0.392870
0.392917
0.393077
0.393236
0.393282
0.393439
0.393486
0.393641
0.393689
0.393843
0.394002
0.394045
0.394195
0.394242
0.394396
0.394440
0.394592
0.394748
0.394791
0.394942
0.394988
0.395137
0.395181
0.395332
0.395486
0.395530
0.395676
0.395719
0.395869
0.396015
0.396060
0.396207
0.396248
0.396390
0.396433
0.396581
0.396720
0.396763
0.396915
0.396959
0.397097
0.397237
0.397278
0.397425
0.397467
0.397609
0.397748
0.397791
0.397932
0.397973
0.398116
0.398250
0.398292
0.398434
0.398474
0.398612
0.398652
0.398786
0.398925
0.398964
0.399099
0.399140
0.399274
0.399408
0.399449
0.399582
0.399619
0.399755
0.399888
0.399927
0.400063
0.400102
0.400229
0.400366
0.400403
0.400529
0.400566
0.400698
0.400825
0.400862
0.400990
0.401026
0.401156
0.401288
0.401325
0.401450
0.401485
0.401610
0.401743
0.401779
0.401899
0.402022
0.402059
0.402183
0.402216
0.402345
0.402473
0.402506
0.402620
0.402654
0.402786
0.402902
0.402937
0.403059
0.403090
0.403212
0.403327
0.403362
0.403483
0.403594
0.403629
0.403750
0.403783
0.403905
0.404019
0.404051
0.404168
0.404200
0.404316
0.404433
0.404463
0.404575
0.404690
0.404720
0.404834
0.404866
0.404977
0.405093
0.405125
0.405233
0.405261
0.405371
0.405485
0.405517
0.405627
0.405733
0.405762
0.405868
0.405897
0.406010
0.406117
0.406146
0.406250
0.406357
0.406386
0.406491
0.406518
0.406629
0.406734
0.406762
0.406862
0.406965
0.406993
0.407097
0.407126
0.407224
0.407330
0.407359
0.407459
0.407557
0.407584
0.407684
0.407780
0.407809
0.407912
0.407938
0.408034
0.408130
0.408156
0.408256
0.408351
0.408376
0.408473
0.408498
0.408596
0.408689
0.408714
0.408809
0.408902
0.408926
0.409019
0.409108
0.409134
0.409227
0.409249
0.409345
0.409434
0.409457
0.409550
0.409638
0.409662
0.409751
0.409841
0.409865
0.409953
0.410040
0.410063
0.410149
0.410171
0.410261
0.410346
0.410368
0.410450
0.410539
0.410561
0.410642
0.410726
0.410749
0.410835
0.410857
0.410935
0.411017
0.411039
0.411120
0.411204
0.411226
0.411302
0.411379
0.411399
0.411481
0.411560
0.411579
0.411660
0.411737
0.411756
0.411834
0.411854
0.411929
0.412006
0.412025
0.412102
0.412175
0.412194
0.412267
0.412340
0.412359
0.412433
0.412510
0.412528
0.412594
0.412666
0.412685
0.412758
0.412827
0.412845
0.412914
0.412931
0.413001
0.413069
0.413087
0.413155
0.413222
0.413239
0.413304
0.413375
0.413392
0.413456
0.413521
0.413537
0.413604
0.413667
0.413683
0.413748
0.413812
0.413828
0.413891
0.413950
0.413966
0.414028
0.414089
0.414105
0.414164
0.414178
0.414241
0.414298
0.414312
0.414374
0.414431
0.414445
0.414504
0.414560
0.414575
0.414633
0.414688
0.414702
0.414757
0.414814
0.414828
0.414882
0.414935
0.414949
0.415004
0.415056
0.415070
0.415121
0.415172
0.415185
0.415235
0.415286
0.415298
0.415347
0.415399
0.415412
0.415460
0.415509
0.415521
0.415568
0.415616
0.415628
0.415673
0.415721
0.415733
0.415778
0.415825
0.415836
0.415879
0.415923
0.415934
0.415979
0.416022
0.416032
0.416073
0.416117
0.416127
0.416166
0.416208
0.416220
0.416261
0.416299
0.416309
0.416350
0.416388
0.416398
0.416437
0.416447
0.416483
0.416520
0.416529
0.416566
0.416602
0.416611
0.416648
0.416682
0.416690
0.416724
0.416759
0.416767
0.416800
0.416833
0.416842
0.416872
0.416906
0.416937
0.416945
0.416975
0.417006
0.417014
0.417043
0.417072
0.417079
0.417109
0.417138
0.417144
0.417170
0.417197
0.417205
0.417231
0.417256
0.417263
0.417288
0.417314
0.417320
0.417344
0.417368
0.417374
0.417397
0.417419
0.417425
0.417448
0.417469
0.417475
0.417496
0.417516
0.417521
0.417542
0.417561
0.417566
0.417586
0.417604
0.417609
0.417627
0.417644
0.417648
0.417664
0.417682
0.417686
0.417702
0.417716
0.417719
0.417735
0.417750
0.417753
0.417767
0.417780
0.417783
0.417796
0.417809
0.417812
0.417823
0.417833
0.417836
0.417847
0.417857
0.417860
0.417869
0.417878
0.417881
0.417888
0.417897
0.417899
0.417906
0.417913
0.417914
0.417921
0.417927
0.417928
0.417933
0.417938
0.417939
0.417943
0.417947
0.417948
0.417951
0.417953
0.417954
0.417956
0.417958
0.417958
0.417959
0.417960
0.417960
0.417960
0.417959
0.417958
0.417958
0.417956
0.417954
0.417954
0.417951
0.417948
0.417947
0.417943
0.417939
0.417938
0.417933
0.417928
0.417926
0.417921
0.417914
0.417913
0.417906
0.417899
0.417897
0.417888
0.417880
0.417878
0.417869
0.417859
0.417857
0.417847
0.417837
0.417834
0.417823
0.417811
0.417808
0.417796
0.417784
0.417781
0.417767
0.417753
0.417750
0.417736
0.417721
0.417717
0.417701
0.417686
0.417682
0.417665
0.417648
0.417644
0.417626
0.417609
0.417604
0.417585
0.417566
0.417562
0.417542
0.417523
0.417518
0.417496
0.417475
0.417469
0.417448
0.417425
0.417420
0.417397
0.417374
0.417368
0.417344
0.417320
0.417315
0.417289
0.417263
0.417257
0.417230
0.417205
0.417198
0.417171
0.417143
0.417135
0.417108
0.417079
0.417072
0.417044
0.417014
0.417007
0.416976
0.416944
0.416916
0.416907
0.416875
0.416842
0.416833
0.416800
0.416769
0.416760
0.416725
0.416691
0.416682
0.416646
0.416613
0.416603
0.416566
0.416529
0.416520
0.416484
0.416447
0.416437
0.416397
0.416358
0.416349
0.416309
0.416299
0.416261
0.416221
0.416210
0.416171
0.416128
0.416118
0.416075
0.416031
0.416020
0.415979
0.415934
0.415923
0.415880
0.415837
0.415826
0.415778
0.415733
0.415721
0.415675
0.415628
0.415617
0.415568
0.415520
0.415508
0.415460
0.415412
0.415400
0.415349
0.415298
0.415286
0.415236
0.415184
0.415170
0.415120
0.415067
0.415054
0.415001
0.414949
0.414936
0.414881
0.414829
0.414814
0.414759
0.414705
0.414690
0.414631
0.414576
0.414562
0.414504
0.414447
0.414433
0.414375
0.414315
0.414300
0.414241
0.414179
0.414164
0.414106
0.414092
0.414028
0.413967
0.413950
0.413891
0.413830
0.413814
0.413747
0.413686
0.413671
0.413606
0.413538
0.413521
0.413456
0.413390
0.413372
0.413306
0.413241
0.413225
0.413157
0.413087
0.413069
0.413001
0.412931
0.412912
0.412844
0.412828
0.412755
0.412684
0.412665
0.412596
0.412525
0.412506
0.412432
0.412360
0.412341
0.412268
0.412196
0.412176
0.412098
0.412023
0.412004
0.411928
0.411851
0.411833
0.411755
0.411733
0.411660
0.411582
0.411560
0.411478
0.411400
0.411379
0.411301
0.411222
0.411201
0.411122
0.411035
0.411016
0.410940
0.410854
0.410832
0.410751
0.410730
0.410643
0.410564
0.410542
0.410452
0.410367
0.410345
0.410258
0.410168
0.410147
0.410064
0.410042
0.409953
0.409868
0.409844
0.409754
0.409660
0.409636
0.409550
0.409458
0.409434
0.409344
0.409254
0.409228
0.409136
0.409112
0.409022
0.408924
0.408898
0.408807
0.408709
0.408684
0.408591
0.408496
0.408472
0.408378
0.408352
0.408255
0.408155
0.408129
0.408032
0.407939
0.407913
0.407810
0.407781
0.407684
0.407588
0.407561
0.407455
0.407359
0.407332
0.407229
0.407125
0.407098
0.406994
0.406964
0.406861
0.406755
0.406727
0.406629
0.406520
0.406491
0.406385
0.406356
0.406256
0.406144
0.406115
0.406007
0.405903
0.405873
0.405765
0.405735
0.405623
0.405513
0.405484
0.405373
0.405265
0.405235
0.405121
0.405089
0.404976
0.404866
0.404835
0.404723
0.404692
0.404578
0.404462
0.404429
0.404315
0.404197
0.404165
0.404049
0.404018
0.403903
0.403781
0.403750
0.403633
0.403598
0.403484
0.403365
0.403331
0.403211
0.403088
0.403053
0.402940
0.402909
0.402780
0.402656
0.402622
0.402501
0.402466
0.402348
0.402221
0.402186
0.402061
0.402025
0.401900
0.401779
0.401743
0.401617
0.401487
0.401451
0.401321
0.401285
0.401159
0.401034
0.400995
0.400865
0.400828
0.400697
0.400566
0.400529
0.400404
0.400367
0.400230
0.400104
0.400066
0.399925
0.399886
0.399762
0.399618
0.399582
0.399448
0.399408
0.399274
0.399142
0.399104
0.398966
0.398926
0.398784
0.398659
0.398614
0.398471
0.398433
0.398291
0.398150
0.398109
0.397967
0.397926
0.397790
0.397751
0.397608
0.397464
0.397425
0.397285
0.397243
0.397100
0.396954
0.396911
0.396768
0.396727
0.396580
0.396431
0.396392
0.396249
0.396203
0.396058
0.396018
0.395863
0.395715
0.395671
0.395524
0.395481
0.395328
0.395177
0.395135
0.394993
0.394948
0.394790
0.394745
0.394592
0.394439
0.394394
0.394248
0.394204
0.394045
0.393998
0.393849
0.393689
0.393643
0.393487
0.393438
0.393283
0.393240
0.393083
0.392927
0.392876
0.392707
0.392659
0.392506
0.392461
0.392302
0.392145
0.392095
0.391936
0.391888
0.391725
0.391680
0.391507
0.391352
0.391303
0.391133
0.391083
0.390919
0.390867
0.390707
0.390537
0.390490
0.390321
0.390271
0.390106
0.390054
0.389891
0.389842
0.389671
0.389508
0.389454
0.389286
0.389233
0.389060
0.389010
0.388837
0.388784
0.388615
0.388441
0.388389
0.388220
0.388165
0.387989
0.387936
0.387765
0.387712
0.387531
0.387360
0.387307
0.387131
0.387076
0.386901
0.386844
0.386663
0.386611
0.386427
0.386369
0.386197
0.386008
0.385954
0.385785
0.385731
0.385550
0.385491
0.385311
0.385254
0.385076
0.385020
0.384826
0.384654
0.384593
0.384408
0.384350
0.384158
0.384101
0.383919
0.383857
0.383674
0.383618
0.383429
0.383371
0.383181
0.383120
0.382929
0.382743
0.382686
0.382490
0.382432
0.382243
0.382184
0.381994
0.381931
0.381739
0.381677
0.381489
0.381429
0.381228
0.381163
0.380980
0.380914
0.380720
0.380523
0.380457
0.380264
0.380203
0.380010
0.379941
0.379753
0.379691
0.379493
0.379427
0.379226
0.379162
0.378962
0.378896
0.378696
0.378632
0.378428
0.378362
0.378169
0.378105
0.377902
0.377833
0.377621
0.377552
0.377359
0.377293
0.377091
0.377023
0.376815
0.376747
0.376547
0.376477
0.376265
0.376192
0.375991
0.375928
0.375719
0.375644
0.375437
0.375367
0.375158
0.375088
0.374877
0.374813
0.374601
0.374524
0.374326
0.374261
0.374039
0.373964
0.373751
0.373681
0.373466
0.373398
0.373187
0.373116
0.372895
0.372826
0.372613
0.372543
0.372325
0.372249
0.372023
0.371948
0.371738
0.371667
0.371444
0.371372
0.371154
0.371079
0.370860
0.370784
0.370568
0.370492
0.370269
0.370191
0.369967
0.369889
0.369679
0.369600
0.369367
0.369293
0.369219
0.368995
0.368917
0.368696
0.368620
0.368390
0.368314
0.368083
0.368004
0.367773
0.367696
0.367469
0.367391
0.367169
0.367087
0.366851
0.366773
0.366543
0.366461
0.366379
0.366155
0.366074
0.365843
0.365762
0.365521
0.365438
0.365207
0.365125
0.364886
0.364807
0.364571
0.364488
0.364406
0.364175
0.364091
0.363848
0.363766
0.363534
0.363454
0.363219
0.363133
0.362893
0.362807
0.362721
0.362480
0.362395
0.362163
0.362075
0.361822
0.361737
0.361498
0.361417
0.361336
0.361086
0.360994
0.360754
0.360666
0.360426
0.360339
0.360104
0.360009
0.359913
0.359664
0.359578
0.359327
0.359238
0.358989
0.358901
0.358654
0.358572
0.358487
0.358234
0.358143
0.357886
0.357798
0.357548
0.357455
0.357364
0.357113
0.357018
0.356771
0.356679
0.356417
0.356335
0.356248
0.355980
0.355892
0.355646
0.355550
0.355450
0.355198
0.355103
0.354847
0.354752
0.354495
0.354400
0.354305
0.354051
0.353954
0.353692
0.353595
0.353338
0.353235
0.353135
0.352881
0.352785
0.352524
0.352430
0.352336
0.352069
0.351969
0.351700
0.351601
0.351504
0.351249
0.351144
0.350883
0.350787
0.350689
0.350410
0.350311
0.350056
0.349959
0.349860
0.349582
0.349481
0.349224
0.349120
0.349012
0.348743
0.348639
0.348374
0.348266
0.348159
0.347901
0.347798
0.347522
0.347420
0.347318
0.347037
0.346935
0.346666
0.346563
0.346460
0.346182
0.346077
0.345975
0.345708
0.345597
0.345312
0.345209
0.345107
0.344838
0.344733
0.344627
0.344347
0.344235
0.343948
0.343842
0.343736
0.343459
0.343352
0.343073
0.342966
0.342857
0.342568
0.342461
0.342352
0.342072
0.341965
0.341855
0.341576
0.341464
0.341182
0.341065
0.340947
0.340669
0.340557
0.340443
0.340168
0.340059
0.339947
0.339643
0.339526
0.339250
0.339139
0.339026
0.338740
0.338628
0.338512
0.338219
0.338108
0.337997
0.337706
0.337596
0.337489
0.337185
0.337067
0.336953
0.336656
0.336541
0.336260
0.336144
0.336025
0.335732
0.335606
0.335486
0.335186
0.335073
0.334960
0.334664
0.334550
0.334430
0.334133
0.334013
0.333892
0.333599
0.333476
0.333356
0.333058
0.332933
0.332809
0.332505
0.332387
0.332273
0.331967
0.331856
0.331742
0.331425
0.331302
0.331178
0.330881
0.330759
0.330634
0.330326
0.330205
0.330084
0.329961
0.329656
0.329533
0.329402
0.329104
0.328979
0.328853
0.328555
0.328420
0.328284
0.327981
0.327857
0.327733
0.327440
0.327304
0.327172
0.327049
0.326741
0.326613
0.326484
0.326160
0.326033
0.325910
0.325603
0.325478
0.325351
0.325039
0.324919
0.324786
0.324641
0.324335
0.324203
0.324067
0.323756
0.323625
0.323493
0.323168
0.323035
0.322907
0.322784
0.322464
0.322335
0.322206
0.321879
0.321744
0.321614
0.321488
0.321158
0.321025
0.320893
0.320579
0.320448
0.320314
0.320178
0.319844
0.319713
0.319581
0.319446
0.319127
0.318997
0.318863
0.318526
0.318391
0.318257
0.318124
0.317798
0.317664
0.317530
0.317389
0.317054
0.316919
0.316781
0.316460
0.316312
0.316170
0.316033
0.315708
0.315565
0.315426
0.315290
0.314958
0.314813
0.314670
0.314537
0.314217
0.314068
0.313919
0.313776
0.313439
0.313296
0.313161
0.313024
0.312700
0.312553
0.312404
0.312266
0.311932
0.311789
0.311646
0.311496
0.311145
0.311002
0.310867
0.310731
0.310384
0.310245
0.310097
0.309937
0.309604
0.309464
0.309329
0.309190
0.308838
0.308680
0.308536
0.308401
0.308055
0.307897
0.307757
0.307617
0.307459
0.307114
0.306965
0.306819
0.306673
0.306338
0.306187
0.306032
0.305876
0.305539
0.305390
0.305240
0.305091
0.304941
0.304591
0.304443
0.304286
0.304130
0.303989
0.303640
0.303489
0.303337
0.303186
0.302827
0.302664
0.302510
0.302355
0.302196
0.301854
0.301698
0.301551
0.301405
0.301252
0.300911
0.300744
0.300588
0.300438
0.300278
0.299913
0.299766
0.299608
0.299446
0.299291
0.298947
0.298788
0.298630
0.298466
0.298294
0.297955
0.297793
0.297635
0.297476
0.297313
0.296974
0.296811
0.296648
0.296486
0.296325
0.296155
0.295795
0.295645
0.295488
0.295323
0.295158
0.294803
0.294638
0.294481
0.294323
0.294156
0.293983
0.293638
0.293471
0.293303
0.293141
0.292985
0.292818
0.292452
0.292280
0.292115
0.291955
0.291793
0.291437
0.291263
0.291097
0.290935
0.290774
0.290610
0.290443
0.290074
0.289905
0.289745
0.289584
0.289413
0.289236
0.288888
0.288715
0.288535
0.288365
0.288200
0.288025
0.287651
0.287502
0.287338
0.287161
0.286987
0.286818
0.286635
0.286278
0.286109
0.285940
0.285768
0.285595
0.285421
0.285247
0.284883
0.284709
0.284547
0.284373
0.284191
0.284012
0.283838
0.283472
0.283308
0.283132
0.282960
0.282785
0.282608
0.282436
0.282266
0.281883
0.281707
0.281530
0.281366
0.281191
0.281010
0.280849
0.280666
0.280281
0.280099
0.279919
0.279745
0.279563
0.279386
0.279224
0.279049
0.278663
0.278496
0.278322
0.278130
0.277950
0.277779
0.277606
0.277431
0.277248
0.276861
0.276680
0.276502
0.276314
0.276136
0.275956
0.275776
0.275606
0.275421
0.275242
0.274866
0.274682
0.274488
0.274304
0.274123
0.273954
0.273779
0.273586
0.273405
0.273230
0.272811
0.272651
0.272470
0.272287
0.272104
0.271922
0.271732
0.271544
0.271364
0.271181
0.271002
0.270799
0.270422
0.270248
0.270059
0.269868
0.269676
0.269497
0.269313
0.269122
0.268936
0.268745
0.268565
0.268364
0.268183
0.267779
0.267608
0.267422
0.267238
0.267045
0.266853
0.266672
0.266489
0.266294
0.266101
0.265919
0.265728
0.265538
0.265353
0.265147
0.264754
0.264569
0.264382
0.264190
0.264000
0.263811
0.263610
0.263411
0.263224
0.263041
0.262851
0.262653
0.262457
0.262268
0.262069
0.261888
0.261698
0.261492
0.261288
0.260906
0.260725
0.260514
0.260311
0.260126
0.259948
0.259741
0.259538
0.259343
0.259158
0.258966
0.258761
0.258569
0.258382
0.258188
0.257988
0.257784
0.257595
0.257399
0.257196
0.257000
0.256809
0.256602
0.256397
0.256215
0.256018
0.255799
0.255605
0.255418
0.255210
0.255021
0.254829
0.254424
0.254216
0.254022
0.253829
0.253631
0.253421
0.253210
0.253021
0.252821
0.252612
0.252412
0.252217
0.252013
0.251822
0.251606
0.251415
0.251216
0.251005
0.250797
0.250595
0.250407
0.250201
0.250001
0.249792
0.249592
0.249378
0.249182
0.248982
0.248771
0.248564
0.248377
0.248175
0.247968
0.247756
0.247556
0.247346
0.247138
0.246946
0.246735
0.246535
0.246316
0.246116
0.245907
0.245707
0.245499
0.245499
0.245291
0.245077
0.244868
0.244660
0.244475
0.244257
0.244045
0.243833
0.243635
0.243417
0.243204
0.243011
0.242793
0.242585
0.242375
0.242162
0.241959
0.241767
0.241556
0.241344
0.241131
0.240918
0.240703
0.240496
0.240287
0.240084
0.239874
0.239661
0.239447
0.239232
0.239017
0.239017
0.238811
0.238587
0.238382
0.238172
0.237953
0.237746
0.237534
0.237329
0.237115
0.236895
0.236679
0.236464
0.236262
0.236061
0.235840
0.235610
0.235410
0.235195
0.234966
0.234966
0.234761
0.234537
0.234329
0.234114
0.233891
0.233677
0.233467
0.233253
0.233040
0.232822
0.232602
0.232387
0.232182
0.231948
0.231948
0.231745
0.231514
0.231301
0.231075
0.230856
0.230647
0.230442
0.230216
0.229998
0.229778
0.229560
0.229337
0.229337
0.229116
0.228891
0.228683
0.228460
0.228241
0.228016
0.227798
0.227581
0.227369
0.227138
0.227138
0.226896
0.226693
0.226479
0.226255
0.226031
0.225798
0.225594
0.225371
0.225142
0.224909
0.224909
0.224692
0.224475
0.224244
0.224019
0.223807
0.223580
0.223364
0.223125
0.223125
0.222899
0.222679
0.222453
0.222229
0.222015
0.221794
0.221574
0.221340
0.221340
0.221093
0.220873
0.220647
0.220426
0.220205
0.219986
0.219771
0.219515
0.219515
0.219295
0.219064
0.218836
0.218616
0.218391
0.218166
0.217930
0.217930
0.217697
0.217475
0.217246
0.217023
0.216790
0.216567
0.216567
0.216322
0.216092
0.215871
0.215647
0.215414
0.215181
0.214936
0.214936
0.214712
0.214488
0.214251
0.214029
0.213797
0.213559
0.213559
0.213321
0.213094
0.212871
0.212637
0.212418
0.212418
0.212152
0.211934
0.211700
0.211475
0.211247
0.211007
0.211007
0.210760
0.210516
0.210301
0.210079
0.209834
0.209834
0.209576
0.209347
0.209129
0.208895
0.208665
0.208665
0.208418
0.208177
0.207936
0.207707
0.207487
0.207487
0.207221
0.206988
0.206759
0.206532
0.206276
0.206276
0.206037
0.205810
0.205577
0.205343
0.205084
0.205084
0.204847
0.204613
0.204378
0.204149
0.204149
0.203883
0.203651
0.203426
0.203193
0.202927
0.202927
0.202685
0.202453
0.202221
0.201974
0.201974
0.201728
0.201493
0.201260
0.201018
0.201018
0.200755
0.200521
0.200288
0.200043
0.200043
0.199782
0.199549
0.199308
0.199061
0.199061
0.198809
0.198576
0.198346
0.198091
0.198091
0.197833
0.197602
0.197376
0.197100
0.197100
0.196866
0.196624
0.196387
0.196387
0.196117
0.195878
0.195650
0.195394
0.195394
0.195132
0.194904
0.194667
0.194392
0.194392
0.194158
0.193912
0.193658
0.193658
0.193405
0.193152
0.192921
0.192921
0.192651
0.192411
0.192180
0.191907
0.191907
0.191660
0.191427
0.191171
0.191171
0.190912
0.190674
0.190425
0.190425
0.190159
0.189926
0.189679
0.189679
0.189395
0.189167
0.188915
0.188644
0.188644
0.188398
0.188154
0.187876
0.187876
0.187645
0.187406
0.187119
0.187119
0.186885
0.186646
0.186367
0.186367
0.186118
0.185884
0.185884
0.185598
0.185365
0.185117
0.185117
0.184830
0.184592
0.184331
0.184331
0.184068
0.183836
0.183558
0.183558
0.183298
0.183064
0.182778
0.182778
0.182536
0.182294
0.182294
0.182009
0.181775
0.181516
0.181516
0.181256
0.181007
0.180715
0.180715
0.180468
0.180224
0.180224
0.179946
0.179702
0.179432
0.179432
0.179172
0.178927
0.178927
0.178639
0.178402
0.178118
0.178118
0.177870
0.177611
0.177611
0.177341
0.177098
0.176824
0.176824
0.176561
0.176300
0.176300
0.176030
0.175795
0.175498
0.175498
0.175256
0.174981
0.174981
0.174712
0.174451
0.174451
0.174179
0.173926
0.173643
0.173643
0.173404
0.173119
0.173119
0.172865
0.172602
0.172602
0.172325
0.172073
0.172073
0.171792
0.171550
0.171550
0.171240
0.171011
0.170716
0.170716
0.170466
0.170176
0.170176
0.169930
0.169646
0.169646
0.169388
0.169120
0.169120
0.168844
0.168579
0.168579
0.168302
0.168043
0.168043
0.167771
0.167499
0.167499
0.167220
0.166962
0.166962
0.166674
0.166426
0.166426
0.166137
0.165876
0.165876
0.165589
0.165328
0.165328
0.165053
0.164779
0.164779
0.164512
0.164238
0.164238
0.163968
0.163690
0.163690
0.163424
0.163138
0.163138
0.162875
0.162576
0.162576
0.162330
0.162024
0.162024
0.161773
0.161773
0.161481
0.161218
0.161218
0.160930
0.160655
0.160655
0.160393
0.160105
0.160105
0.159843
0.159543
0.159543
0.159288
0.159288
0.158990
0.158733
0.158733
0.158448
0.158153
0.158153
0.157887
0.157887
0.157586
0.157331
0.157331
0.157038
0.156761
0.156761
0.156495
0.156192
0.156192
0.155924
0.155924
0.155644
0.155364
0.155364
0.155089
0.154783
0.154783
0.154514
0.154514
0.154235
0.153946
0.153946
0.153675
0.153675
0.153374
0.153102
0.153102
0.152826
0.152826
0.152520
0.152253
0.152253
0.151969
0.151675
0.151675
0.151398
0.151398
0.151122
0.150815
0.150815
0.150547
0.150547
0.150258
0.149958
0.149958
0.149681
0.149681
0.149394
0.149104
0.149104
0.148827
0.148827
0.148536
0.148239
0.148239
0.147970
0.147970
0.147688
0.147365
0.147365
0.147092
0.147092
0.146804
0.146804
0.146515
0.146217
0.146217
0.145942
0.145942
0.145643
0.145339
0.145339
0.145065
0.145065
0.144777
0.144777
0.144477
0.144182
0.144182
0.143888
0.143888
0.143617
0.143617
0.143311
0.143011
0.143011
0.142729
0.142729
0.142439
0.142439
0.142133
0.141839
0.141839
0.141552
0.141552
0.141259
0.141259
0.140957
0.140662
0.140662
0.140367
0.140367
0.140081
0.140081
0.139793
0.139793
0.139472
0.139178
0.139178
0.138888
0.138888
0.138601
0.138601
0.138305
0.138305
0.137995
0.137692
0.137692
0.137401
0.137401
0.137112
0.137112
0.136804
0.136804
0.136501
0.136200
0.136200
0.135906
0.135906
0.135605
0.135605
0.135301
0.135301
0.135012
0.135012
0.134713
0.134713
0.134405
0.134106
0.134106
0.133802
0.133802
0.133502
0.133502
0.133200
0.133200
0.132893
0.132893
0.132593
0.132593
0.132290
0.132290
0.131985
0.131679
0.131679
0.131373
0.131373
0.131066
0.131066
0.130766
0.130766
0.130458
0.130458
0.130149
0.130149
0.129851
0.129851
0.129547
0.129547
0.129237
0.129237
0.128933
0.128933
0.128616
0.128616
0.128317
0.128012
0.128012
0.127701
0.127701
0.127392
0.127392
0.127082
0.127082
0.126778
0.126778
0.126467
0.126467
0.126155
0.126155
0.125850
0.125850
0.125543
0.125543
0.125229
0.125229
0.124919
0.124919
0.124604
0.124604
0.124291
0.124291
0.123983
0.123983
0.123673
0.123673
0.123363
0.123363
0.123054
0.123054
0.122730
0.122730
0.122425
0.122425
0.122102
0.122102
0.121796
0.121796
0.121796
0.121485
0.121485
0.121164
0.121164
0.120849
0.120849
0.120535
0.120535
0.120208
0.120208
0.119903
0.119903
0.119586
0.119586
0.119270
0.119270
0.118954
0.118954
0.118638
0.118638
0.118330
0.118330
0.117992
0.117992
0.117992
0.117675
0.117675
0.117361
0.117361
0.117046
0.117046
0.116730
0.116730
0.116414
0.116414
0.116089
0.116089
0.115762
0.115762
0.115762
0.115438
0.115438
0.115120
0.115120
0.114804
0.114804
0.114481
0.114481
0.114163
0.114163
0.113829
0.113829
0.113829
0.113513
0.113513
0.113189
0.113189
0.112864
0.112864
0.112550
0.112550
0.112212
0.112212
0.112212
0.111898
0.111898
0.111569
0.111569
0.111248
0.111248
0.110920
0.110920
0.110920
0.110585
0.110585
0.110264
0.110264
0.109939
0.109939
0.109939
0.109604
0.109604
0.109286
0.109286
0.108956
0.108956
0.108634
0.108634
0.108634
0.108296
0.108296
0.107969
0.107969
0.107643
0.107643
0.107643
0.107302
0.107302
0.106986
0.106986
0.106656
0.106656
0.106656
0.106315
0.106315
0.105995
0.105995
0.105657
0.105657
0.105657
0.105324
0.105324
0.105000
0.105000
0.104649
0.104649
0.104649
0.104330
0.104330
0.103999
0.103999
0.103999
0.103655
0.103655
0.103331
0.103331
0.102988
0.102988
0.102988
0.102664
0.102664
0.102322
0.102322
0.102322
0.101991
0.101991
0.101649
0.101649
0.101649
0.101314
0.101314
0.100984
0.100984
0.100984
0.100640
0.100640
0.100311
0.100311
0.100311
0.099959
0.099959
0.099624
0.099624
0.099624
0.099281
0.099281
0.098951
0.098951
0.098951
0.098612
0.098612
0.098273
0.098273
0.098273
0.097930
0.097930
0.097586
0.097586
0.097586
0.097245
0.097245
0.096900
0.096900
0.096900
0.096565
0.096565
0.096565
0.096213
0.096213
0.095879
0.095879
0.095879
0.095542
0.095542
0.095182
0.095182
0.095182
0.094840
0.094840
0.094840
0.094503
0.094503
0.094154
0.094154
0.094154
0.093815
0.093815
0.093815
0.093468
0.093468
0.093120
0.093120
0.093120
0.092774
0.092774
0.092774
0.092422
0.092422
0.092078
0.092078
0.092078
0.091728
0.091728
0.091728
0.091382
0.091382
0.091382
0.091032
0.091032
0.090669
0.090669
0.090669
0.090333
0.090333
0.090333
0.089982
0.089982
0.089982
0.089626
0.089626
0.089275
0.089275
0.089275
0.088924
0.088924
0.088924
0.088576
0.088576
0.088576
0.088223
0.088223
0.088223
0.087872
0.087872
0.087872
0.087511
0.087511
0.087159
0.087159
0.087159
0.086806
0.086806
0.086806
0.086455
0.086455
0.086455
0.086097
0.086097
0.086097
0.085746
0.085746
0.085746
0.085384
0.085384
0.085384
0.085027
0.085027
0.085027
0.084670
0.084670
0.084670
0.084317
0.084317
0.084317
0.083958
0.083958
0.083958
0.083599
0.083599
0.083599
0.083238
0.083238
0.083238
0.082881
0.082881
0.082881
0.082518
0.082518
0.082518
0.082162
0.082162
0.082162
0.081792
0.081792
0.081792
0.081432
0.081432
0.081432
0.081068
0.081068
0.081068
0.080710
0.080710
0.080710
0.080346
0.080346
0.080346
0.079986
0.079986
0.079986
0.079618
0.079618
0.079618
0.079257
0.079257
0.079257
0.079257
0.078889
0.078889
0.078889
0.078527
0.078527
0.078527
0.078157
0.078157
0.078157
0.077794
0.077794
0.077794
0.077427
0.077427
0.077427
0.077427
0.077055
0.077055
0.077055
0.076689
0.076689
0.076689
0.076325
0.076325
0.076325
0.075957
0.075957
0.075957
0.075957
0.075581
0.075581
0.075581
0.075215
0.075215
0.075215
0.074844
0.074844
0.074844
0.074844
0.074468
0.074468
0.074468
0.074098
0.074098
0.074098
0.073725
0.073725
0.073725
0.073725
0.073351
0.073351
0.073351
0.072982
0.072982
0.072982
0.072982
0.072602
0.072602
0.072602
0.072240
0.072240
0.072240
0.071853
0.071853
0.071853
0.071853
0.071480
0.071480
0.071480
0.071102
0.071102
0.071102
0.071102
0.070734
0.070734
0.070734
0.070344
0.070344
0.070344
0.070344
0.069976
0.069976
0.069976
0.069976
0.069590
0.069590
0.069590
0.069214
0.069214
0.069214
0.069214
0.068841
0.068841
0.068841
0.068453
0.068453
0.068453
0.068453
0.068075
0.068075
0.068075
0.068075
0.067698
0.067698
0.067698
0.067311
0.067311
0.067311
0.067311
0.066928
0.066928
0.066928
0.066928
0.066547
0.066547
0.066547
0.066547
0.066163
0.066163
0.066163
0.065780
0.065780
0.065780
0.065780
0.065394
0.065394
0.065394
0.065394
0.065010
0.065010
0.065010
0.065010
0.064625
0.064625
0.064625
0.064625
0.064236
0.064236
0.064236
0.064236
0.063847
0.063847
0.063847
0.063847
0.063462
0.063462
0.063462
0.063462
0.063074
0.063074
0.063074
0.062681
0.062681
0.062681
0.062681
0.062293
0.062293
0.062293
0.062293
0.061899
0.061899
0.061899
0.061899
0.061899
0.061511
0.061511
0.061511
0.061511
0.061116
0.061116
0.061116
0.061116
0.060723
0.060723
0.060723
0.060723
0.060331
0.060331
0.060331
0.060331
0.059937
0.059937
0.059937
0.059937
0.059548
0.059548
0.059548
0.059548
0.059151
0.059151
0.059151
0.059151
0.059151
0.058751
0.058751
0.058751
0.058751
0.058355
0.058355
0.058355
0.058355
0.057961
0.057961
0.057961
0.057961
0.057561
0.057561
0.057561
0.057561
0.057561
0.057160
0.057160
0.057160
0.057160
0.056767
0.056767
0.056767
0.056767
