5000
None
0.0 0.0
4.881613
4.859835
4.878879
4.873293
4.886038
4.879071
4.875608
4.878904
4.868665
4.878565
4.868459
4.856263
4.877118
4.872866
4.876107
4.874455
4.868146
4.870355
4.872688
4.881693
4.866470
4.881990
4.875316
4.865579
4.865079
4.878756
4.880084
4.873023
4.879046
4.866981
4.876567
4.878051
4.870186
4.863793
4.874878
4.884662
4.881829
4.872856
4.867436
4.863556
4.871310
4.870051
4.877164
4.880272
4.866671
4.872674
4.867785
4.889118
4.862559
4.861279
4.866013
4.865802
4.875908
4.877085
4.868243
4.869962
4.874415
4.880752
4.862016
4.865970
4.867424
4.867970
4.874017
4.871659
4.863718
4.878779
4.884341
4.871309
4.866761
4.873451
4.874628
4.866978
4.875670
4.870599
4.866222
4.884355
4.861663
4.875349
4.886194
4.877110
4.869619
4.868092
4.874936
4.871221
4.875132
4.864787
4.870682
4.867025
4.868126
4.863752
4.872781
4.886906
4.864178
4.870414
4.869737
4.878681
4.876719
4.868460
4.865557
4.875684
4.886080
4.876788
4.867768
4.857964
4.863890
4.871106
4.884160
4.871869
4.874265
4.873709
4.880458
4.871416
4.877287
4.869561
4.871237
4.869184
4.874510
4.867821
4.872438
4.878578
4.872645
4.875504
4.887432
4.874503
4.873638
4.863287
4.868734
4.859748
4.876403
4.877506
4.868019
4.866914
4.870693
4.880918
4.870462
4.876421
4.872476
4.869328
4.884901
4.877139
4.864230
4.879947
4.882581
4.873346
4.867685
4.873242
4.863109
4.874541
4.870632
4.880743
4.874753
4.881012
4.886623
4.873584
4.873015
4.866626
4.860906
4.872194
4.871933
4.877206
4.879684
4.872537
4.856660
4.873847
4.875587
4.869381
4.878887
4.870763
4.863638
4.865491
4.885618
4.861433
4.871874
4.876736
4.867892
4.888276
4.862464
4.874837
4.869468
4.889233
4.874324
4.883937
4.865165
4.868787
4.874907
4.878623
4.877292
4.871545
4.881741
4.865442
4.871239
4.878555
4.874007
4.873796
4.880082
4.874827
4.866878
4.865446
4.871706
4.867972
4.869555
4.872091
4.869041
4.867668
4.867554
4.851827
4.873839
4.875601
4.879883
4.868657
4.872763
4.873706
4.878864
4.879776
4.861141
4.873268
4.874144
4.873771
4.877290
4.871520
4.865975
4.870906
4.878294
4.873904
4.870949
4.876140
4.868776
4.861332
4.860690
4.882887
4.879928
4.887966
4.878284
4.873246
4.871891
4.875259
4.875761
4.865879
4.876020
4.873945
4.874989
4.862848
4.875120
4.868424
4.877953
4.867418
4.878470
4.882260
4.868546
4.868304
4.871601
4.869464
4.869697
4.877208
4.872321
4.865525
4.867744
4.880197
4.882450
4.863484
4.877037
4.877486
4.861414
4.875106
4.870349
4.869523
4.873940
4.868416
4.856306
4.865293
4.885673
4.881724
4.864514
4.852361
4.869580
4.885155
4.878528
4.870352
4.885161
4.872152
4.867242
4.869049
4.873277
4.876947
4.878189
4.873450
4.876487
4.871461
4.871727
4.861788
4.873814
4.872971
4.875732
4.873023
4.885301
4.879930
4.871993
4.870691
4.875507
4.866042
4.875741
4.871616
4.876769
4.860245
4.871746
4.879599
4.878392
4.881805
4.875191
4.882075
4.876983
4.870249
4.866786
4.863506
4.877554
4.856576
4.862915
4.862159
4.867147
4.884936
4.866095
4.874337
4.874196
4.872202
4.885377
4.873941
4.874506
4.878031
4.875340
4.874226
4.880165
4.868549
4.861549
4.867038
4.864617
4.868883
4.880584
4.864885
4.871810
4.879162
4.867991
4.864424
4.869338
4.866253
4.879218
4.877210
4.876498
4.881203
4.866942
4.867068
4.870284
4.866273
4.871597
4.873594
4.878250
4.877924
4.865981
4.870339
4.874100
4.867376
4.872179
4.863286
4.872455
4.887724
4.885750
4.856798
4.872578
4.865975
4.872320
4.874036
4.879848
4.879969
4.864086
4.880669
4.877041
4.883091
4.874401
4.877392
4.865308
4.869709
4.877147
4.881950
4.858244
4.884810
4.876912
4.878017
4.869507
4.865294
4.880494
4.881052
4.884740
4.873384
4.869192
4.863158
4.892587
4.871574
4.871630
4.876413
4.887111
4.880845
4.875848
4.877662
4.866914
4.875479
4.870709
4.868278
4.868852
4.866124
4.868805
4.874198
4.880870
4.875729
4.868435
4.871142
4.880072
4.870154
4.868135
4.860000
4.864352
4.890848
4.875250
4.878490
4.870377
4.881322
4.874198
4.880161
4.867817
4.863559
4.873325
4.877721
4.861987
4.876113
4.875564
4.874115
4.876963
4.866333
4.878313
4.873931
4.883432
4.863083
4.873725
4.874228
4.862997
4.862962
4.880809
4.877834
4.873101
4.863146
4.871037
4.859163
4.877917
4.873143
4.868358
4.868699
4.867246
4.881103
4.868720
4.891581
4.879659
4.875854
4.886337
4.882976
4.877090
4.862264
4.876267
4.874682
4.876528
4.868522
4.871135
4.884116
4.878929
4.872160
4.869052
4.876372
4.874370
4.880806
4.881954
4.872827
4.878917
4.872937
4.875209
4.869144
4.874859
4.882946
4.884597
4.877564
4.869403
4.867837
4.861226
4.871837
4.870676
4.857713
4.870245
4.878118
4.864919
4.869249
4.874806
4.872526
4.860130
4.862421
4.881148
4.874452
4.874840
4.880428
4.870796
4.871899
4.869211
4.871182
4.877160
4.869989
4.858698
4.871847
4.875626
4.874108
4.867543
4.875058
4.870978
4.882306
4.865838
4.878108
4.877571
4.883883
4.876955
4.872841
4.882418
4.877462
4.872453
4.861978
4.867877
4.870468
4.869930
4.868654
4.881481
4.884710
4.895274
4.880613
4.877159
4.865566
4.861475
4.866634
4.865184
4.878189
4.871037
4.871614
4.876342
4.880598
4.871666
4.867234
4.876290
4.883104
4.883875
4.880929
4.872511
4.877771
4.871948
4.885024
4.871197
4.869118
4.870347
4.872613
4.880726
4.886485
4.867220
4.875772
4.882835
4.863126
4.864592
4.868910
4.864664
4.873845
4.873452
4.885210
4.877651
4.880814
4.872157
4.884611
4.876514
4.876753
4.862383
4.873124
4.876001
4.867457
4.875148
4.860655
4.866051
4.870625
4.879125
4.875918
4.862857
4.881559
4.876124
4.887269
4.867881
4.872065
4.869111
4.867802
4.876747
4.865604
4.864810
4.877524
4.881527
4.881374
4.867462
4.874863
4.878322
4.877420
4.871647
4.877125
4.875696
4.873877
4.870507
4.876059
4.881164
4.869147
4.885628
4.867927
4.884057
4.865054
4.872494
4.872852
4.874481
4.868863
4.868088
4.881639
4.871935
4.874805
4.864756
4.867525
4.877149
4.868829
4.869272
4.874002
4.868591
4.883829
4.863323
4.875900
4.868130
4.879682
4.875931
4.871491
4.876708
4.863027
4.876842
4.880341
4.867166
4.859152
4.870121
4.875509
4.866481
4.870029
4.874098
4.874728
4.880023
4.879005
4.875754
4.862983
4.885726
4.874761
4.885283
4.867932
4.867197
4.883059
4.879584
4.873580
4.876874
4.868062
4.872785
4.864013
4.866815
4.878783
4.878896
4.875755
4.876271
4.878882
4.859347
4.877530
4.867738
4.877643
4.872618
4.865019
4.872178
4.873827
4.864621
4.878315
4.874535
4.867705
4.861400
4.865622
4.885237
4.877681
4.879242
4.867895
4.868072
4.865569
4.878599
4.888070
4.869469
4.883953
4.870069
4.874134
4.863916
4.877252
4.877918
4.879018
4.879652
4.857560
4.865080
4.870683
4.865823
4.890022
4.870182
4.874501
4.878258
4.880326
4.881782
4.869413
4.873049
4.876898
4.881664
4.882268
4.869499
4.863539
4.879950
4.867736
4.863930
4.867524
4.868540
4.860114
4.878642
4.882127
4.887967
4.876091
4.880026
4.876988
4.871828
4.875069
4.876849
4.876893
4.876146
4.875304
4.873594
4.874787
4.869772
4.873311
4.873901
4.872771
4.876576
4.878865
4.878742
4.871815
4.873905
4.857413
4.877328
4.870321
4.862627
4.877219
4.873094
4.878693
4.879937
4.872355
4.883689
4.871372
4.875879
4.883369
4.885582
4.861358
4.866634
4.879026
4.867791
4.869503
4.878859
4.879560
4.860763
4.885580
4.858853
4.873772
4.869142
4.866718
4.873707
4.878016
4.867425
4.861026
4.865198
4.857898
4.878427
4.870094
4.872260
4.868248
4.877077
4.867251
4.886110
4.874484
4.871577
4.879988
4.878979
4.872583
4.879514
4.868042
4.866694
4.867381
4.888593
4.848176
4.882135
4.864634
4.874349
4.868971
4.862975
4.873814
4.875410
4.883686
4.870103
4.867933
4.875837
4.881827
4.886965
4.889776
4.863751
4.877153
4.877925
4.873598
4.870609
4.875854
4.869316
4.873810
4.883094
4.865781
4.871521
4.878646
4.870532
4.885124
4.875086
4.863377
4.876033
4.880719
4.872358
4.878877
4.873237
4.883344
4.868382
4.861470
4.877876
4.882895
4.871772
4.871876
4.879253
4.877264
4.867766
4.883459
4.875916
4.875238
4.864393
4.877291
4.884194
4.870804
4.875732
4.874007
4.874712
4.870299
4.880184
4.868625
4.860596
4.881849
4.860157
4.858438
4.868671
4.884509
4.864845
4.875259
4.876122
4.886554
4.883273
4.880158
4.870401
4.872585
4.875686
4.864283
4.854989
4.873804
4.876105
4.885369
4.868571
4.880323
4.878957
4.863016
4.870106
4.872669
4.882519
4.884394
4.865591
4.880978
4.867750
4.872618
4.882264
4.875117
4.869634
4.859534
4.869935
4.871265
4.876996
4.864568
4.894948
4.872680
4.864230
4.857521
4.878734
4.867684
4.877850
4.860141
4.873742
4.878738
4.876333
4.872413
4.870647
4.875207
4.876019
4.874849
4.873955
4.877006
4.875291
4.879976
4.878924
4.879809
4.868236
4.865488
4.880022
4.868471
4.879696
4.884338
4.881472
4.879609
4.875480
4.879844
4.875567
4.872362
4.874966
4.874236
4.866464
4.873340
4.878957
4.878151
4.872188
4.873190
4.870497
4.871219
4.875471
4.877031
4.868702
4.875132
4.879253
4.874781
4.880576
4.869036
4.868349
4.864686
4.883074
4.879746
4.866886
4.869957
4.876388
4.873926
4.869366
4.864346
4.864095
4.875858
4.866780
4.876583
4.880068
4.873554
4.875200
4.863906
4.874551
4.882612
4.877162
4.878444
4.879711
4.865299
4.870438
4.870979
4.876954
4.860178
4.873182
4.890315
4.878194
4.881399
4.873213
4.894394
4.875839
4.872811
4.869068
4.862785
4.879800
4.867427
4.880283
4.868692
4.875404
4.885639
4.880047
4.877276
4.876111
4.877976
4.865008
4.874772
4.887211
4.871260
4.883053
4.870459
4.878819
4.880106
4.869031
4.878402
4.856790
4.882115
4.871219
4.867411
4.882625
4.868341
4.866679
4.873578
4.865546
4.868681
4.872670
4.888307
4.892631
4.881306
4.870975
4.866431
4.880178
4.865828
4.878072
4.863102
4.873583
4.875484
4.875680
4.873513
4.883501
4.867947
4.863239
4.865708
4.888367
4.873078
4.871099
4.890140
4.874901
4.874247
4.860650
4.873710
4.869345
4.876284
4.874457
4.867916
4.873102
4.870157
4.868444
4.877621
4.873460
4.856280
4.867725
4.878640
4.864376
4.874248
4.870719
4.878085
4.869933
4.876093
4.877728
4.870791
4.879167
4.870277
4.870953
4.866056
4.879870
4.878388
4.873019
4.872180
4.866360
4.881071
4.866482
4.876702
4.880221
4.874365
4.883779
4.859589
4.879041
4.866875
4.855927
4.867561
4.867531
4.868587
4.880848
4.886026
4.865563
4.878879
4.858696
4.878960
4.862764
4.868775
4.874068
4.868876
4.866725
4.870963
4.879847
4.873226
4.881706
4.860401
4.865455
4.874888
4.860048
4.876455
4.866126
4.884432
4.878757
4.880803
4.884607
4.878814
4.864703
4.857875
4.861725
4.875966
4.883695
4.879862
4.861874
4.867760
4.877832
4.874345
4.872739
4.871784
4.884110
4.883464
4.882810
4.872634
4.864011
4.883173
4.870170
4.875085
4.871953
4.868628
4.887736
4.864987
4.865844
4.876054
4.879419
4.869632
4.874294
4.873011
4.884098
4.879538
4.869815
4.860556
4.869294
4.873302
4.862214
4.882560
4.871953
4.873227
4.871172
4.868379
4.876163
4.878059
4.872317
4.863207
4.868281
4.878438
4.875966
4.877409
4.880031
4.854070
4.872121
4.863591
4.876935
4.867121
4.880322
4.864004
4.871095
4.867464
4.875565
4.870493
4.873751
4.880766
4.866525
4.866391
4.865019
4.877577
4.865450
4.869934
4.881688
4.869545
4.866058
4.866325
4.868989
4.855735
4.893604
4.876039
4.874397
4.879495
4.878361
4.861707
4.870463
4.871176
4.875146
4.881847
4.861936
4.876634
4.867158
4.869940
4.883904
4.875344
4.878527
4.873879
4.874587
4.885376
4.879881
4.875787
4.877681
4.873289
4.866008
4.872624
4.869129
4.875316
4.865885
4.876041
4.877819
4.872273
4.865090
4.875059
4.866321
4.879715
4.872673
4.861734
4.859004
4.872421
4.870639
4.870661
4.869691
4.874228
4.874802
4.873959
4.866839
4.874231
4.858808
4.886986
4.876753
4.860322
4.886440
4.880313
4.874254
4.865361
4.850036
4.874106
4.862191
4.863336
4.869065
4.883132
4.880354
4.886822
4.865818
4.872471
4.865073
4.872333
4.870199
4.863258
4.869605
4.876438
4.884953
4.881753
4.874852
4.876375
4.870438
4.874802
4.877394
4.872916
4.867945
4.867430
4.890332
4.868930
4.866076
4.863313
4.875870
4.876653
4.868467
4.863718
4.863561
4.875870
4.875046
4.873344
4.884422
4.871971
4.881603
4.870221
4.866049
4.864135
4.866878
4.873791
4.865582
4.868897
4.882767
4.870185
4.874694
4.874548
4.890780
4.876364
4.855899
4.886620
4.871367
4.874806
4.876900
4.878445
4.873440
4.881244
4.861414
4.876967
4.868597
4.867277
4.866921
4.873472
4.879910
4.877298
4.871841
4.868847
4.867429
4.881238
4.876620
4.866984
4.871954
4.868948
4.863823
4.867746
4.869315
4.880829
4.880129
4.878294
4.861743
4.866221
4.878408
4.872256
4.866742
4.870927
4.864959
4.866198
4.882543
4.881473
4.868163
4.862906
4.875253
4.875002
4.873135
4.871632
4.861493
4.871832
4.875594
4.875784
4.880122
4.864793
4.876265
4.874116
4.855544
4.876557
4.870828
4.872370
4.867838
4.884381
4.875250
4.882449
4.882367
4.880048
4.883850
4.872538
4.867866
4.868407
4.875175
4.877709
4.880131
4.866814
4.868211
4.865646
4.863685
4.884527
4.864692
4.871001
4.888984
4.883534
4.871361
4.865476
4.889148
4.864273
4.872137
4.881026
4.860189
4.867208
4.871756
4.879226
4.874002
4.870882
4.877097
4.877154
4.877721
4.866624
4.872029
4.871304
4.875421
4.867057
4.859205
4.865603
4.882102
4.879653
4.873183
4.864106
4.880280
4.858817
4.873615
4.878113
4.877243
4.858505
4.868099
4.881152
4.868904
4.871008
4.871675
4.874945
4.869877
4.883446
4.879921
4.883263
4.867981
4.870598
4.864676
4.876168
4.879584
4.875697
4.871069
4.871667
4.874785
4.871140
4.882447
4.867020
4.866918
4.869474
4.870201
4.860431
4.876574
4.873159
4.873193
4.880890
4.859045
4.875865
4.877271
4.876665
4.872457
4.876320
4.873066
4.878035
4.879659
4.873747
4.888501
4.882614
4.872547
4.867883
4.867460
4.868800
4.860884
4.867715
4.867486
4.874788
4.873547
4.878115
4.864862
4.888604
4.862238
4.869859
4.865447
4.871164
4.869848
4.877751
4.871808
4.867557
4.883918
4.862439
4.860035
4.875322
4.866725
4.866154
4.873885
4.870688
4.865319
4.872177
4.873301
4.874420
4.873631
4.892057
4.887322
4.868546
4.878008
4.864317
4.874518
4.862974
4.867881
4.885714
4.869536
4.873727
4.870867
4.860129
4.873021
4.879238
4.869395
4.862525
4.868181
4.871490
4.891857
4.868580
4.890490
4.869170
4.886080
4.875219
4.882541
4.871218
4.876815
4.869223
4.866702
4.866959
4.867988
4.867309
4.867108
4.886278
4.870420
4.867187
4.877454
4.858824
4.870579
4.882940
4.872677
4.865073
4.867881
4.872339
4.872997
4.874580
4.868542
4.874554
4.870260
4.879965
4.880625
4.869590
4.875581
4.870841
4.879880
4.880233
4.866131
4.882170
4.868635
4.861803
4.874154
4.873506
4.865160
4.875954
4.871342
4.880686
4.876441
4.868202
4.862023
4.892781
4.867827
4.887616
4.863193
4.875630
4.866854
4.877971
4.881480
4.868662
4.860644
4.873684
4.860682
4.864828
4.871942
4.875173
4.869217
4.868859
4.865324
4.864893
4.875602
4.875595
4.866797
4.869272
4.867865
4.882836
4.882821
4.879657
4.872702
4.874159
4.867306
4.877844
4.867835
4.877566
4.867511
4.875771
4.869928
4.878876
4.880683
4.859671
4.867462
4.883696
4.864154
4.879468
4.878435
4.863210
4.860891
4.871456
4.865192
4.884593
4.872605
4.869635
4.866338
4.873702
4.871818
4.875424
4.871037
4.869797
4.879311
4.884172
4.868009
4.872440
4.866164
4.870008
4.862124
4.867783
4.866394
4.867062
4.874764
4.876303
4.885640
4.866279
4.879062
4.887628
4.879941
4.885941
4.880791
4.863457
4.873036
4.868405
4.866508
4.875516
4.874919
4.871502
4.865394
4.882081
4.865092
4.875534
4.874547
4.870904
4.872820
4.877946
4.864013
4.865078
4.869356
4.864876
4.875770
4.866023
4.872193
4.877985
4.875501
4.883299
4.871179
4.873177
4.885527
4.862843
4.873444
4.870520
4.880468
4.874847
4.882556
4.880726
4.874487
4.877751
4.866715
4.873459
4.876005
4.863078
4.882988
4.875385
4.873857
4.873633
4.886825
4.877776
4.866741
4.864862
4.873981
4.875475
4.876748
4.875005
4.870627
4.881112
4.873387
4.873274
4.872112
4.873379
4.867775
4.878813
4.862820
4.880818
4.888283
4.877356
4.877466
4.866504
4.868273
4.878889
4.877228
4.880952
4.873674
4.867912
4.871730
4.875137
4.887363
4.873257
4.869208
4.878444
4.874420
4.869350
4.884654
4.858554
4.872765
4.870203
4.879878
4.880277
4.870344
4.878007
4.864437
4.865146
4.883809
4.875010
4.878952
4.866463
4.873326
4.876890
4.862842
4.871362
4.881450
4.873221
4.876906
4.879595
4.874677
4.871416
4.878324
4.878049
4.872481
4.865593
4.874110
4.863571
4.867154
4.870294
4.876193
4.876735
4.864278
4.877595
4.863201
4.868778
4.867176
4.866165
4.871936
4.868810
4.875076
4.865541
4.875031
4.865550
4.871047
4.880864
4.865982
4.886321
4.884069
4.866225
4.868673
4.865874
4.867426
4.869080
4.875964
4.861002
4.881091
4.876728
4.874126
4.873785
4.866354
4.874538
4.861982
4.862733
4.861808
4.880799
4.879001
4.868946
4.871138
4.881033
4.884939
4.876863
4.873983
4.878859
4.863656
4.864868
4.871644
4.889409
4.876603
4.886175
4.875495
4.877827
4.864623
4.885017
4.872543
4.871261
4.880087
4.871828
4.879274
4.882922
4.872633
4.863103
4.874862
4.864371
4.863572
4.872269
4.870336
4.870583
4.864297
4.871531
4.880939
4.868682
4.866249
4.873459
4.861708
4.879355
4.878302
4.862922
4.867984
4.882052
4.866418
4.884827
4.868908
4.879813
4.872418
4.866417
4.868550
4.862456
4.871970
4.877520
4.870826
4.868956
4.872162
4.871233
4.875289
4.870376
4.859742
4.873632
4.876963
4.858787
4.871936
4.873716
4.869367
4.870236
4.867580
4.878349
4.866586
4.860661
4.868853
4.866668
4.865049
4.858735
4.874795
4.864968
4.875397
4.885709
4.868115
4.872103
4.876346
4.859223
4.882977
4.882795
4.873014
4.870377
4.868058
4.863499
4.868572
4.873945
4.871864
4.873509
4.868335
4.874964
4.868457
4.867765
4.865228
4.877176
4.876156
4.886405
4.883281
4.872632
4.875788
4.876033
4.870674
4.860271
4.871001
4.870111
4.872040
4.872149
4.876562
4.882959
4.877960
4.877361
4.881970
4.860437
4.874821
4.867529
4.869067
4.872894
4.868580
4.867362
4.872374
4.865649
4.878248
4.868422
4.863758
4.872025
4.871463
4.859154
4.880380
4.862591
4.870127
4.877553
4.872776
4.865343
4.868116
4.872696
4.863751
4.865717
4.866893
4.863283
4.868255
4.877550
4.882041
4.869181
4.867378
4.877131
4.869689
4.860819
4.874474
4.869865
4.876619
4.873386
4.863250
4.882072
4.879786
4.874813
4.873366
4.866956
4.869325
4.868123
4.870988
4.871063
4.872671
4.871364
4.859576
4.879005
4.879200
4.867321
4.878489
4.873430
4.882138
4.879724
4.876351
4.879845
4.865442
4.864339
4.867847
4.868765
4.867795
4.880957
4.874056
4.872012
4.879983
4.867876
4.882482
4.876383
4.875783
4.883463
4.855870
4.877001
4.878135
4.874303
4.884898
4.872538
4.876724
4.870267
4.872051
4.858812
4.857418
4.879709
4.865409
4.876932
4.873008
4.858799
4.867346
4.879810
4.872043
4.877747
4.866260
4.869569
4.889507
4.871204
4.868063
4.883581
4.879110
4.873067
4.877989
4.885872
4.862448
4.875593
4.874177
4.867934
4.874344
4.866246
4.886750
4.880204
4.882735
4.877806
4.871249
4.868811
4.868054
4.878754
4.877784
4.872700
4.875319
4.867790
4.869851
4.875626
4.875614
4.872930
4.854564
4.871652
4.884618
4.872101
4.871266
4.873189
4.867674
4.876986
4.874303
4.868651
4.873312
4.889268
4.872915
4.873726
4.874222
4.874933
4.870982
4.871772
4.865354
4.870439
4.870598
4.874334
4.882955
4.874293
4.876023
4.863741
4.865837
4.879785
4.882100
4.880961
4.871779
4.863766
4.876667
4.865919
4.866162
4.875224
4.874000
4.868809
4.862395
4.878641
4.874214
4.871355
4.875583
4.872645
4.878656
4.869419
4.870555
4.871728
4.879258
4.878656
4.870743
4.879829
4.879417
4.876294
4.867352
4.885036
4.875420
4.872164
4.865944
4.864322
4.875121
4.865639
4.873591
4.878257
4.862485
4.877914
4.865474
4.880105
4.878135
4.874762
4.871197
4.873599
4.875585
4.878493
4.866747
4.878853
4.872181
4.868794
4.860819
4.883493
4.877415
4.868703
4.881390
4.878019
4.872011
4.876211
4.874082
4.877832
4.868798
4.873373
4.867393
4.873492
4.854906
4.888170
4.874636
4.866698
4.867032
4.871479
4.858468
4.878168
4.865009
4.871872
4.865132
4.877923
4.873698
4.866850
4.871894
4.866258
4.869904
4.870149
4.872625
4.880652
4.886255
4.879327
4.865273
4.876859
4.874406
4.881540
4.873692
4.869387
4.864595
4.877289
4.875847
4.875873
4.873092
4.873512
4.874542
4.867622
4.866827
4.864459
4.886170
4.874667
4.882514
4.874790
4.869742
4.874966
4.880447
4.862520
4.875553
4.861873
4.865765
4.881091
4.867655
4.861176
4.875242
4.871179
4.874802
4.871078
4.867598
4.878818
4.875822
4.877056
4.865046
4.870490
4.869678
4.870989
4.870502
4.869023
4.868855
4.875901
4.863742
4.874610
4.877271
4.884558
4.868784
4.878865
4.868848
4.867689
4.864893
4.878927
4.861499
4.875074
4.864649
4.873286
4.882299
4.877490
4.878732
4.872664
4.862672
4.878071
4.864778
4.866055
4.881206
4.861367
4.883106
4.877198
4.879675
4.869711
4.865048
4.881938
4.869932
4.879568
4.855731
4.872725
4.888968
4.878661
4.883911
4.862386
4.863145
4.875318
4.867217
4.874948
4.886895
4.881130
4.876032
4.867172
4.864790
4.875288
4.872466
4.876052
4.866511
4.881247
4.868571
4.870209
4.871936
4.868695
4.874126
4.868356
4.876828
4.856547
4.884506
4.867498
4.889962
4.862550
4.868259
4.875906
4.868234
4.878781
4.875941
4.869909
4.863402
4.886893
4.874633
4.888950
4.873911
4.877686
4.865080
4.873902
4.880114
4.873805
4.885552
4.865394
4.860914
4.869147
4.852486
4.861037
4.880414
4.880017
4.871206
4.865475
4.874704
4.862571
4.860268
4.863362
4.867397
4.879548
4.885144
4.873495
4.888210
4.871759
4.868511
4.882934
4.878880
4.874721
4.873206
4.863863
4.864268
4.856879
4.881670
4.874268
4.864082
4.882607
4.876975
4.872086
4.876049
4.877469
4.869739
4.871850
4.870447
4.874627
4.879569
4.875535
4.868834
4.881641
4.870169
4.887071
4.877403
4.881461
4.864564
4.876334
4.868985
4.870500
4.872162
4.870085
4.887753
4.864670
4.866721
4.875186
4.877372
4.874313
4.881372
4.864915
4.877038
4.874423
4.876666
4.879946
4.859949
4.874557
4.874150
4.863095
4.862596
4.878212
4.859091
4.866707
4.869805
4.879211
4.873122
4.868400
4.868153
4.872463
4.870150
4.881460
4.877908
4.865106
4.879304
4.881167
4.867732
4.868494
4.881856
4.867229
4.875336
4.882222
4.868471
4.871900
4.876532
4.879639
4.868897
4.868639
4.877574
4.862846
4.860382
4.871489
4.869623
4.874086
4.889437
4.864752
4.873457
4.876845
4.874404
4.865625
4.867634
4.879303
4.862361
4.868311
4.876734
4.870346
4.884364
4.872138
4.876720
4.885544
4.864902
4.872227
4.862444
4.871522
4.861983
4.881826
4.871636
4.877132
4.871750
4.879058
4.861026
4.878665
4.873829
4.877580
4.864995
4.869214
4.861194
4.880646
4.870120
4.870627
4.870091
4.872216
4.883010
4.883759
4.878608
4.899463
4.879663
4.874591
4.872714
4.882082
4.875578
4.874174
4.861060
4.876405
4.873010
4.876026
4.872751
4.875612
4.876941
4.876916
4.876107
4.866987
4.878500
4.868479
4.868067
4.870102
4.877372
4.860616
4.863627
4.862150
4.862516
4.866867
4.865276
4.886584
4.880325
4.872707
4.869421
4.886187
4.865522
4.860470
4.876578
4.863867
4.862210
4.875707
4.871004
4.881520
4.872428
4.873640
4.874211
4.872575
4.879141
4.874941
4.863092
4.865062
4.859714
4.882029
4.876433
4.868825
4.863845
4.876109
4.870641
4.870581
4.892231
4.861576
4.881562
4.868812
4.880820
4.869473
4.877917
4.873019
4.870046
4.876653
4.874491
4.873374
4.878211
4.866077
4.873112
4.862950
4.870524
4.887222
4.859107
4.877735
4.866785
4.864230
4.874771
4.870227
4.869758
4.868124
4.876945
4.882071
4.865354
4.863353
4.864717
4.870947
4.875177
4.874629
4.873862
4.877449
4.867465
4.865655
4.874622
4.874829
4.874897
4.873487
4.879103
4.863877
4.866006
4.869241
4.870514
4.868750
4.867935
4.872843
4.878804
4.867073
4.875887
4.869854
4.865297
4.870788
4.874720
4.864652
4.877298
4.878975
4.871983
4.884059
4.861935
4.872599
4.881582
4.878213
4.868251
4.881414
4.873070
4.866074
4.863554
4.871575
4.869221
4.857223
4.878355
4.875843
4.885760
4.877013
4.873303
4.865697
4.878466
4.874671
4.870518
4.870359
4.876848
4.870982
4.865734
4.876950
4.863101
4.877185
4.874450
4.874820
4.869500
4.877013
4.874190
4.864414
4.863229
4.863392
4.879713
4.861936
4.873955
4.862898
4.863268
4.867020
4.884281
4.883068
4.871739
4.875909
4.872397
4.868486
4.875594
4.872140
4.870901
4.875674
4.870548
4.878991
4.869636
4.862936
4.860298
4.866653
4.877290
4.881691
4.875908
4.878017
4.877381
4.869181
4.874374
4.865466
4.865637
4.886336
4.875064
4.867999
4.875105
4.871875
4.873293
4.868631
4.871795
4.869440
4.850072
4.879786
4.876631
4.866187
4.872369
4.870581
4.870575
4.881662
4.875984
4.865896
4.869532
4.871337
4.881389
4.870213
4.866671
4.886437
4.874935
4.871780
4.866080
4.877824
4.874517
4.874040
4.887050
4.880441
4.874821
4.871485
4.873987
4.876976
4.863534
4.865545
4.882457
4.873285
4.874232
4.880453
4.881946
4.884030
4.867085
4.870169
4.875939
4.863429
4.870045
4.869560
4.871114
4.878759
4.887610
4.891472
4.873770
4.866010
4.872836
4.875333
4.870027
4.869100
4.871532
4.858489
4.866751
4.891360
4.878970
4.877163
4.872238
4.857164
4.872029
4.862892
4.878055
4.871979
4.878214
4.875175
4.887503
4.871488
4.878037
4.868453
4.873029
4.869348
4.883166
4.879007
4.877584
4.880946
4.873201
4.867030
4.866054
4.873712
4.868984
4.871725
4.875528
4.862226
4.867903
4.867591
4.871326
4.863854
4.876227
4.873779
4.869264
4.873785
4.875596
4.872792
4.869690
4.861846
4.868717
4.881787
4.868925
4.865373
4.883708
4.873814
4.873848
4.859934
4.856936
4.865685
4.879436
4.873248
4.879739
4.871305
4.870118
4.873018
4.881103
4.873274
4.878248
4.879171
4.853846
4.865604
4.863842
4.870493
4.869319
4.885777
4.869347
4.871787
4.877682
4.880737
4.866460
4.877376
4.871900
4.868366
4.887077
4.870710
4.879931
4.876233
4.880698
4.869940
4.874064
4.875355
4.873390
4.870850
4.866401
4.875835
4.870633
4.873406
4.874495
4.875970
4.862234
4.871348
4.868778
4.877523
4.863963
4.870939
4.868949
4.868088
4.878271
4.867489
4.874653
4.873481
4.872680
4.873180
4.868434
4.877339
4.870538
4.870384
4.885311
4.872262
4.878814
4.879341
4.862037
4.872045
4.878379
4.875311
4.857628
4.877283
4.871742
4.874780
4.858936
4.873779
4.866971
4.877099
4.876845
4.879051
4.873386
4.874943
4.881759
4.876341
4.866383
4.861829
4.856278
4.887144
4.880916
4.879326
4.867506
4.879812
4.864698
4.865760
4.870541
4.862942
4.870960
4.884712
4.878298
4.874338
4.879905
4.870958
4.877413
4.871542
4.876669
4.867907
4.868857
4.885684
4.880687
4.879439
4.868765
4.865679
4.865570
4.875434
4.869921
4.880552
4.876593
4.883177
4.874816
4.866929
4.879112
4.890975
4.867053
4.864353
4.876887
4.861399
4.865019
4.878602
4.867875
4.884217
4.873312
4.875598
4.871894
4.872838
4.881188
4.860983
4.850442
4.863341
4.859293
4.868745
4.874890
4.861069
4.881316
4.874724
4.860603
4.874046
4.875901
4.865110
4.870545
4.865796
4.858308
4.875689
4.873548
4.875520
4.881127
4.869104
4.871359
4.879419
4.870264
4.861803
4.861866
4.883067
4.869435
4.878667
4.872902
4.864279
4.865852
4.864955
4.860951
4.878528
4.885406
4.872868
4.881877
4.867696
4.861855
4.870311
4.876610
4.870927
4.878746
4.870853
4.863486
4.866991
4.867238
4.876760
4.875120
4.873069
4.862034
4.873468
4.878712
4.867439
4.862213
4.883766
4.866665
4.869076
4.878416
4.859486
4.872524
4.883329
4.868803
4.871020
4.867751
4.857152
4.878644
4.867528
4.867710
4.876754
4.881228
4.871289
4.878667
4.876297
4.877146
4.883765
4.873835
4.875911
4.872460
4.866126
4.865112
4.866525
4.875758
4.874693
4.866809
4.881027
4.880058
4.872537
4.877680
4.877922
4.863098
4.886436
4.864851
4.861692
4.875139
4.885226
4.872578
4.870579
4.877999
4.881552
4.865288
4.874189
4.884402
4.877719
4.876907
4.873202
4.868166
4.865276
4.883101
4.874088
4.872733
4.879389
4.875008
4.867717
4.881472
4.869164
4.875579
4.872378
4.874356
4.872540
4.859175
4.871100
4.856730
4.871947
4.874396
4.876092
4.872782
4.875905
4.866715
4.878754
4.861529
4.875894
4.885623
4.878425
4.869255
4.865118
4.877583
4.867838
4.886952
4.873579
4.873048
4.868713
4.871593
4.865329
4.860798
4.868726
4.878887
4.854046
4.875574
4.873839
4.861473
4.869530
4.866839
4.869193
4.879430
4.879044
4.869804
4.879258
4.882497
4.862411
4.885434
4.868939
4.863820
4.876807
4.866053
4.876796
4.890129
4.869464
4.884900
4.873529
4.880980
4.877214
4.869985
4.876625
4.865264
4.874541
4.876166
4.878356
4.879573
4.874668
4.885508
4.864970
4.862606
4.864551
4.866978
4.862171
4.872051
4.878376
4.865825
4.875043
4.872208
4.874054
4.876604
4.871947
4.874504
4.861792
4.871679
4.873550
4.863980
4.882521
4.873124
4.869081
4.872103
4.863698
4.866199
4.870390
4.874692
4.878295
4.874603
4.870003
4.871380
4.877968
4.876508
4.872483
4.876973
4.880712
4.871527
4.873415
4.873089
4.869624
4.871650
4.869360
4.865218
4.877663
4.878615
4.866570
4.869307
4.867963
4.871624
4.872958
4.873996
4.872549
4.876396
4.871162
4.877067
4.874168
4.860882
4.873813
4.875630
4.873217
4.871229
4.866142
4.865075
4.877271
4.886803
4.893679
4.867252
4.875591
4.869610
4.865486
4.860830
4.852963
4.866003
4.866081
4.873415
4.875872
4.881191
4.871367
4.871537
4.869616
4.883372
4.883951
4.870016
4.874141
4.875894
4.876266
4.883365
4.880463
4.864154
4.873409
4.879616
4.868590
4.882528
4.871744
4.879012
4.864388
4.869725
4.862886
4.874918
4.871107
4.878328
4.874240
4.873923
4.879011
4.871702
4.878234
4.870242
4.874282
4.866868
4.859503
4.880637
4.872758
4.867379
4.876521
4.868121
4.884406
4.865003
4.877488
4.868587
4.876282
4.882623
4.879663
4.864557
4.873528
4.870569
4.870678
4.868134
4.869804
4.879792
4.871028
4.870148
4.879248
4.881468
4.878790
4.867730
4.847086
4.855881
4.873407
4.874310
4.860255
4.879324
4.862563
4.878713
4.870926
4.872284
4.879561
4.873837
4.876084
4.854694
4.882014
4.881756
4.886058
4.867784
4.879283
4.868748
4.875861
4.868035
4.871635
4.875040
4.869339
4.879174
4.879785
4.872515
4.871432
4.873543
4.866933
4.872215
4.856977
4.881757
4.872680
4.868591
4.872629
4.869742
4.866344
4.871081
4.885822
4.880492
4.866357
4.879944
4.872760
4.873668
4.873067
4.862253
4.874098
4.871137
4.884852
4.854965
4.872236
4.878180
4.870322
4.878109
4.862555
4.881730
4.868697
4.883699
4.870267
4.871006
4.871133
4.870371
4.879699
4.864529
4.872090
4.878413
4.870837
4.870477
4.872590
4.863102
4.869635
4.886340
4.869141
4.859252
4.868743
4.853072
4.874761
4.880391
4.866718
4.873165
4.880287
4.870164
4.882115
4.870822
4.885056
4.881974
4.878416
4.872448
4.882463
4.865405
4.871973
4.864686
4.881327
4.881506
4.870329
4.861148
4.865410
4.863250
4.873829
4.869780
4.870447
4.883141
4.880323
4.878466
4.877722
4.872422
4.879627
4.872860
4.862321
4.868315
4.870077
4.882308
4.871343
4.875530
4.866848
4.884020
4.877446
4.865099
4.872492
4.884863
4.882464
4.876709
4.879981
4.879572
4.873125
4.875095
4.862137
4.880069
4.889436
4.863743
4.881275
4.882859
4.856307
4.862052
4.854696
4.872709
4.883611
4.875949
4.873992
4.863507
4.879253
4.872808
4.873898
4.868354
4.859627
4.867151
4.875629
4.860234
4.872223
4.872001
4.854526
4.868804
4.872013
4.883877
4.870108
4.877484
4.882996
4.867006
4.863116
4.877943
4.876516
4.874639
4.876558
4.868871
4.872601
4.884547
4.876855
4.869966
4.888303
4.877238
4.881112
4.876065
4.868733
4.855600
4.879032
4.879973
4.879226
4.877274
4.866172
4.869349
4.872934
4.869338
4.880425
4.874951
4.879326
4.877521
4.886719
4.877116
4.875307
4.870492
4.878112
4.875353
4.868979
4.874435
4.878424
4.877043
4.878396
4.868462
4.878101
4.871162
4.888996
4.882516
4.881439
4.861465
4.880294
4.858630
4.881546
4.859071
4.867434
4.872326
4.872459
4.867035
4.881035
4.869727
4.882891
4.864285
4.875310
4.880691
4.867663
4.864215
4.871812
4.869362
4.866881
4.872520
4.871298
4.874522
4.869959
4.883107
4.861769
4.881036
4.869559
4.876747
4.877089
4.879940
4.875036
4.868447
4.864931
4.866153
4.875540
4.867138
4.871457
4.875821
4.865911
4.885772
4.869984
4.874687
4.880545
4.871386
4.869048
4.864973
4.872772
4.875430
4.871239
4.875838
4.884470
4.869828
4.880712
4.867686
4.864718
4.878277
4.883149
4.861465
4.868906
4.878289
4.877087
4.870626
4.871781
4.871207
4.881871
4.863033
4.874008
4.883639
4.873043
4.875887
4.869564
4.883466
4.879939
4.877614
4.875737
4.881758
4.865052
4.885129
4.885469
4.873326
4.868414
4.878762
4.869478
4.870944
4.876817
4.879567
4.870557
4.875161
4.881073
4.872799
4.867182
4.865453
4.867887
4.875997
4.879611
4.864019
4.859733
4.874526
4.888183
4.869741
4.867667
4.879281
4.872718
4.875012
4.878781
4.873207
4.884043
4.882436
4.879116
4.877786
4.874016
4.883811
4.873603
4.876723
4.864847
4.867833
4.874115
4.870220
4.874354
4.870601
4.862666
4.865775
4.872157
4.864150
4.863367
4.874518
4.873480
4.881649
4.870099
4.869217
4.878897
4.874447
4.884523
4.886791
4.868298
4.866570
4.864494
4.862175
4.877669
4.868830
4.872235
4.879910
4.867004
4.867454
4.863857
4.860752
4.883786
4.882542
4.881862
4.875029
4.868993
4.868962
4.869023
4.874927
4.870921
4.885295
4.869284
4.868244
4.873715
4.872678
4.870699
4.871440
4.895268
4.867121
4.882860
4.865549
4.876182
4.871711
4.864616
4.866653
4.888812
4.871803
4.872861
4.863334
4.869584
4.864524
4.884510
4.865678
4.874972
4.881677
4.867716
4.872907
4.866546
4.874212
4.882843
4.882264
4.877330
4.900259
4.871813
4.865055
4.865627
4.862103
4.852924
4.875675
4.868903
4.870524
4.858281
4.879111
4.871662
4.868475
4.864599
4.876043
4.865644
4.877842
4.873340
4.881262
4.880039
4.874204
4.886877
4.867452
4.861768
4.881548
4.873430
4.879209
4.872206
4.890889
4.880046
4.867146
4.861252
4.879281
4.877857
4.880875
4.863591
4.867779
4.870488
4.867228
4.873105
4.877258
4.881443
4.876413
4.861609
4.865768
4.853762
4.881858
4.876402
4.875971
4.893331
4.878359
4.876572
4.869082
4.873000
4.857263
4.879312
4.866501
4.870100
4.864498
4.877838
4.865768
4.867792
4.881213
4.872559
4.871762
4.884429
4.874616
4.877348
4.864478
4.859185
4.873470
4.862428
4.882172
4.882981
4.859296
4.869711
4.884981
4.883611
4.868681
4.859609
4.874518
4.880704
4.864576
4.875042
4.869284
4.865127
4.877307
4.873401
4.859339
4.878627
4.871182
4.872416
4.865961
4.871445
4.878197
4.869549
4.881540
4.878762
4.876157
4.876469
4.860121
4.880582
4.871015
4.875645
4.875960
4.873482
4.871863
4.876130
4.875680
4.860473
4.874591
4.875972
4.879041
4.872551
4.868763
4.871938
4.863325
4.881731
4.870838
4.867355
4.874257
4.873821
4.871785
4.875646
4.874514
4.864895
4.861668
4.875837
4.878641
4.865226
4.868903
4.868314
4.870573
4.877342
4.865652
4.862274
4.869367
4.870089
4.874618
4.884441
4.878063
4.866284
4.878463
4.885428
4.879936
4.871315
4.855523
4.879669
4.865723
4.871498
4.872814
4.870694
4.865980
4.876824
4.869514
4.884322
4.877717
4.874438
4.872447
4.867484
4.879696
4.871696
4.878339
4.864810
4.873725
4.885148
4.869087
4.865413
4.873645
4.865501
4.868050
4.890168
4.874449
4.867915
4.873057
4.878682
4.879575
4.855883
4.877335
4.871114
4.879343
4.866320
4.868183
4.872140
4.875611
4.868309
4.886164
4.869702
4.872609
4.870488
4.861383
4.880459
4.886062
4.872792
4.881761
4.862998
4.877691
4.874179
4.874710
4.878191
4.875597
4.863113
4.869833
4.886072
4.882211
4.858561
4.875794
4.877811
4.873725
4.864877
4.874996
4.864010
4.884061
4.872300
4.872673
4.885482
4.860616
4.867589
4.863303
4.867294
4.875628
4.882393
4.885630
4.881313
4.887674
4.875306
4.876187
4.877935
4.878787
4.867587
4.868251
4.866631
4.878361
4.870313
4.869423
4.879813
4.876598
4.873670
4.870137
4.873849
4.874467
4.873325
4.871238
4.874090
4.874506
4.884539
4.878156
4.862086
4.879709
4.873312
4.876268
4.892756
4.879672
4.860069
4.871597
4.882161
4.857862
4.868032
4.870301
4.880800
4.873386
4.881160
4.876473
4.870439
4.878481
4.868402
4.879823
4.878762
4.881731
4.866854
4.889680
4.872475
4.869679
4.872856
4.879984
4.868944
4.875063
4.874092
4.866959
4.867801
4.875233
4.870600
4.874196
4.868375
4.888590
4.870051
4.882145
4.873702
4.863768
4.873396
4.878680
4.865103
4.885330
4.876272
4.869866
4.883631
4.883403
4.879362
4.872148
4.859879
4.856850
4.880451
4.876151
4.872266
4.866688
4.873722
4.872408
4.867205
4.874592
4.874189
4.855651
4.864704
4.872592
4.876282
4.861046
4.883186
4.863489
4.875758
4.859246
4.870762
4.882277
4.868378
4.866976
4.884492
4.872571
4.868474
4.880856
4.868489
4.881903
4.878404
4.865859
4.873672
4.856120
4.861980
4.871845
4.873759
4.880979
4.873968
4.882715
4.862301
4.877161
4.877289
4.872877
4.868889
4.881998
4.868375
4.873897
4.877123
4.862495
4.873836
4.873673
4.873396
4.867674
4.873517
4.870195
4.872455
4.873699
4.874719
4.870431
4.862496
4.877028
4.862496
4.865785
4.869649
4.864196
4.887245
4.877372
4.871035
4.868768
4.873298
4.889997
4.888445
4.866264
4.883405
4.872597
4.869301
4.880302
4.875456
4.870428
4.883271
4.888732
4.892701
4.866075
4.862761
4.867099
4.868830
4.865111
4.870633
4.867784
4.872639
4.864271
4.867841
4.876091
4.869534
4.865679
4.877278
4.863681
4.888340
4.878305
4.867674
4.871540
4.874983
4.865200
4.859667
4.861944
4.870830
4.861321
4.867592
4.864417
4.870796
4.882863
4.863070
4.861421
4.868158
4.873374
4.871922
4.872199
4.868464
4.876494
4.876842
4.870219
4.870451
4.885121
4.874834
4.860170
4.876438
4.871267
4.868557
4.885467
4.868153
4.879728
4.876268
4.872434
4.873084
4.884584
4.873551
4.874750
4.876680
4.877424
4.881912
4.872271
4.868635
4.888219
4.871992
4.867516
4.878737
4.872553
4.862878
4.878310
4.852462
4.858247
4.859340
4.872456
4.863796
4.882139
4.877073
4.867153
4.868126
4.877653
4.867092
4.881253
4.874510
4.876922
4.877526
4.872597
4.878427
4.871021
4.870843
4.875154
4.885062
4.873834
4.870417
4.852503
4.860070
4.882799
4.882437
4.880088
4.878714
4.875858
4.868308
4.862582
4.870616
4.882609
4.884445
4.857433
4.875616
4.870716
4.879050
4.869807
4.871398
4.870091
4.860497
4.881671
4.872544
4.868941
4.872137
4.861028
4.880537
4.882018
4.868801
4.872185
4.877543
4.869469
4.863720
4.872675
4.872561
4.876689
4.876575
4.872366
4.884779
4.869278
4.871117
4.873605
4.877287
4.865920
4.876316
4.863855
4.875640
4.877509
4.875633
4.863945
4.883814
4.882295
4.867938
4.874021
4.884540
4.864655
4.860601
4.865366
4.878703
4.867527
4.878768
4.875220
4.859012
4.861442
4.874652
4.878127
4.880278
4.877680
4.861436
4.877018
4.879231
4.871363
4.879689
4.872289
4.877820
4.868429
4.864615
4.860519
4.877728
4.881005
4.866152
4.874490
4.885137
4.871102
4.871378
4.876290
4.867744
4.875227
4.869361
4.874100
4.865654
4.867594
4.866450
4.880676
4.884314
4.874391
4.879620
4.871963
4.873750
4.889254
4.872833
4.882148
4.887190
4.872072
4.861777
4.873348
4.879116
4.868030
4.882177
4.860658
4.869668
4.884948
4.888747
4.873736
4.857787
4.872400
4.872483
4.874387
4.877695
4.875575
4.868001
4.881413
4.867469
4.875395
4.861901
4.867529
4.881399
4.868217
4.871961
4.873717
4.872901
4.881155
4.872652
4.871355
4.877666
4.867058
4.869112
4.869695
4.881407
4.881300
4.864014
4.874509
4.867712
4.878902
4.859959
4.884793
4.872901
4.857016
4.870775
4.864843
4.868366
4.873192
4.870758
4.867882
4.867748
4.870919
4.869792
4.876487
4.858646
4.873345
4.872196
4.884609
4.872753
4.860852
4.880739
4.870439
4.863693
4.878970
4.884787
4.865573
4.867417
4.875112
4.862538
4.887374
4.857332
4.873571
4.878974
4.874253
4.863358
4.870953
4.890013
4.868564
4.859967
4.868839
4.871120
4.866297
4.865386
4.870115
4.880694
4.877478
4.868434
4.877448
4.876545
4.877394
4.873109
4.872265
4.868989
4.860568
4.877868
4.867483
4.865798
4.876970
4.858817
4.876453
4.875950
4.871015
4.872313
4.876097
4.877227
4.870740
4.878854
4.871433
4.862307
4.878761
4.869498
4.869413
4.868913
4.870343
4.878460
4.868671
4.866731
4.874246
4.865273
4.875121
4.874637
4.867126
4.886445
4.879611
4.873463
4.881048
4.884830
4.865019
4.872005
4.886111
4.868745
4.882208
4.867586
4.869261
4.872869
4.889862
4.881096
4.872638
4.879761
4.872879
4.872015
4.865615
4.880765
4.860323
4.862146
4.868736
4.868412
4.876848
4.876782
4.860825
4.871477
4.890490
4.878723
4.874191
4.866442
4.865162
4.870783
4.882563
4.867980
4.863087
4.863153
4.878329
4.878172
4.878746
4.869925
4.858841
4.876767
4.879733
4.876358
4.867490
4.880556
4.871853
4.881828
4.873008
4.880004
4.886278
4.886634
4.871305
4.869391
4.872575
4.869329
4.870380
4.878389
4.863351
4.882747
4.876966
4.863175
4.879535
4.870261
4.878570
4.863455
4.871769
4.873046
4.869515
4.875310
4.870764
4.870332
4.884784
4.864410
4.869518
4.883995
4.869428
4.870567
4.878006
4.876899
4.875682
4.867523
4.873999
4.859677
4.874811
4.872775
4.874832
4.880397
4.884671
4.867989
4.862796
4.863471
4.872232
4.881413
4.867047
4.872195
4.864795
4.859809
4.872926
4.880320
4.859175
4.877665
4.881215
4.866734
4.882124
4.882891
4.876076
4.867200
4.866417
4.871990
4.867651
4.879050
4.872656
4.872990
4.864333
4.878371
4.866716
4.872058
4.881284
4.872674
4.875207
4.875087
4.868103
4.871269
4.882791
4.871164
4.870467
4.885035
4.886763
4.870023
4.882581
4.871477
4.874290
4.876669
4.874910
4.871557
4.880501
4.862330
4.866304
4.890821
4.868978
4.876375
4.870619
4.871788
4.871407
4.872045
4.872098
4.874199
4.871136
4.876299
4.874490
4.869572
4.860249
4.876756
4.868576
4.870478
4.867882
4.878001
4.864769
4.864891
4.870127
4.876872
4.884132
4.882517
4.878751
4.879885
4.882908
4.871674
4.866503
4.881911
4.875578
4.872618
4.880431
4.875268
4.867949
4.872847
4.882904
4.862513
4.877504
4.861927
4.876887
4.879397
4.884071
4.862786
4.881422
4.871013
4.869234
4.861546
4.888814
4.873466
4.881716
4.872803
4.866851
4.871480
4.879640
4.866493
4.871468
4.871643
4.875379
4.878373
4.874855
4.864198
4.881193
4.874655
4.884273
4.872642
4.877107
4.876597
4.886699
4.873692
4.886497
4.875000
4.875299
4.872166
4.868800
4.876303
4.880233
4.877283
4.857769
4.883751
4.865380
4.885109
4.879140
4.871718
4.883135
4.881065
4.876060
4.874912
4.870512
4.880896
4.860696
4.869153
4.867049
4.864995
4.868220
4.880402
4.881461
4.885801
4.864893
4.860205
4.875525
4.866061
4.870243
4.870757
4.863012
4.872853
4.880648
4.878606
4.889896
4.869870
4.869166
4.866190
4.881038
4.873252
4.882948
4.886123
4.872244
4.879782
4.877733
4.877432
4.869950
4.861855
4.879485
4.870128
4.876935
4.875375
4.876832
4.878566
4.882192
4.888175
4.870034
4.868807
4.864288
4.876400
4.878036
4.881515
4.866700
4.871125
4.880263
4.874365
4.869313
4.865768
4.878549
4.883733
4.873445
4.892107
4.880827
4.874067
4.875359
4.873446
4.880093
4.870983
4.886867
4.889493
4.864351
4.868042
4.861034
4.863983
4.858827
4.865567
4.857867
4.876791
4.878007
4.883791
4.887211
4.875723
4.875776
4.874082
4.875795
4.860409
4.885029
4.873138
4.865858
4.875586
4.866068
4.867288
4.889613
4.882346
4.873768
4.873469
4.874854
4.874971
4.850313
4.859585
4.883094
4.882529
4.874208
4.876530
4.874550
4.866568
4.869845
4.864236
4.874214
4.872614
4.865977
4.872983
4.862709
4.868815
4.865684
4.875626
4.873436
4.880670
4.883093
4.866412
4.871655
4.879869
4.878790
4.883717
4.870142
4.869662
4.874078
4.886036
4.869062
4.882000
4.877535
4.865372
4.861510
4.868652
4.880801
4.871003
4.863912
4.875673
4.877469
4.880374
4.880843
4.876068
4.852591
4.868868
4.870819
4.879148
4.879732
4.863184
4.875021
4.881444
4.877007
4.871357
4.868625
4.875752
4.879091
4.874674
4.870543
4.875157
4.867941
4.874070
4.874284
4.859739
4.868513
4.877625
4.865058
4.872585
4.863758
4.882888
4.866401
4.865668
4.871531
4.866799
4.870941
4.874205
4.874435
4.876177
4.857890
4.874684
4.868558
4.876669
4.874339
4.860118
4.883970
4.870585
4.860832
4.876267
4.871374
4.870129
4.872669
4.859558
4.878823
4.889832
4.867888
4.870552
4.869105
4.861639
4.871068
4.880447
4.880808
4.878472
4.855898
4.876516
4.872262
4.874725
4.873664
4.876156
4.873157
4.859720
4.872234
4.861745
4.866107
4.868469
4.876799
4.873144
4.881525
4.878931
4.884007
4.868588
4.875986
4.858260
4.875294
4.875757
4.883952
4.884159
4.871126
4.872829
4.875425
4.873706
4.869032
4.879606
4.873181
4.876444
4.871054
4.870409
4.885890
4.860939
4.867596
4.875590
4.873508
4.877660
4.873953
4.876893
4.868122
4.880753
4.891224
4.872132
4.874089
4.882174
4.865532
4.872498
4.855973
4.874705
4.875239
4.868747
4.858947
4.873615
4.870659
4.867834
4.868846
4.853806
4.867408
4.880344
4.872304
4.871816
4.867648
4.873575
4.881711
4.874005
4.872928
4.876572
4.873579
4.874355
4.879434
4.896225
4.885577
4.873633
4.875869
4.873588
4.882133
4.870724
4.882102
4.870454
4.876222
4.874693
4.861097
4.872171
4.877865
4.868717
4.878295
4.877401
4.880125
4.873955
4.871572
4.877455
4.863256
4.880536
4.882316
4.873795
4.875683
4.861789
4.868397
4.883990
4.866109
4.874790
4.863268
4.875900
4.862593
4.876485
4.877072
4.861110
4.889286
4.871734
4.871207
4.868112
4.880628
4.875521
4.880168
4.870358
4.872190
4.870280
4.874886
4.883247
4.873532
4.862135
4.896054
4.869380
4.883925
4.874877
4.871972
4.856263
4.877851
4.867810
4.876749
4.864240
4.878712
4.862793
4.872854
4.874210
4.874412
4.872477
4.874660
4.869740
4.862009
4.871385
4.874872
4.870145
4.865504
4.883505
4.871308
4.874614
4.875550
4.876287
4.880594
4.877622
4.862765
4.874805
4.880252
4.875982
4.874133
4.888080
4.868986
4.882874
4.864101
4.875381
4.881560
4.866494
4.877811
4.879934
4.863577
4.880458
4.883982
4.878051
4.860145
4.867429
4.868656
4.864120
4.864771
4.870108
4.875521
4.868168
4.876614
4.874038
4.867049
4.889664
4.878482
4.874528
4.873961
4.863453
4.874961
4.879963
4.880982
4.881962
4.874116
4.879671
4.868032
4.875166
4.890848
4.869136
4.866983
4.860467
4.870372
4.872511
4.872555
4.878202
4.877557
4.880455
4.879667
4.866924
4.861874
4.881908
4.885043
4.873941
4.880774
4.865780
4.862589
4.877419
4.876081
4.866149
4.868869
4.857406
4.876255
4.858901
4.876145
4.867178
4.878968
4.881888
4.871218
4.869874
4.864276
4.866443
4.870873
4.884585
4.869349
4.877915
4.870642
4.873890
4.871319
4.877983
4.874982
4.876004
4.875817
4.873492
4.875590
4.875954
4.873934
4.888109
4.890972
4.864314
4.869337
4.862265
4.881647
4.868755
4.877731
4.877796
4.862964
4.873710
4.875643
4.869631
4.873765
4.864228
4.888257
4.872887
4.870076
4.887850
4.881532
4.870284
4.871953
4.869398
4.883261
4.875179
4.860081
4.872789
4.893161
4.883057
4.877326
4.869943
4.864396
4.881594
4.860862
4.865725
4.873553
4.883871
4.875589
4.874208
4.862574
4.864753
4.870347
4.862256
4.881213
4.875299
4.882429
4.870376
4.867360
4.866446
4.884989
4.873367
4.880640
4.882850
4.887996
4.867344
4.872917
4.868999
4.874022
4.871946
4.868148
4.888681
4.877031
4.869619
4.863596
4.868046
4.876585
4.875604
4.869043
4.874798
4.867542
4.872997
4.870127
4.876773
4.870615
4.879617
4.870964
4.870814
4.881516
4.878447
