5000
None
0.0 0.0
4.887153
4.867506
4.872651
4.862938
4.887187
4.910620
4.875283
4.871766
4.882675
4.887268
4.922041
4.871410
4.903333
4.879483
4.863616
4.866369
4.850989
4.875070
4.855985
4.878707
4.867379
4.852958
4.868413
4.870186
4.876493
4.873711
4.873130
4.876042
4.884212
4.880491
4.892578
4.874491
4.891905
4.863429
4.896640
4.886080
4.859465
4.869248
4.878335
4.892065
4.846136
4.863214
4.870237
4.879020
4.887551
4.872797
4.872693
4.854943
4.854946
4.872023
4.889964
4.864355
4.845862
4.894017
4.873642
4.855299
4.887313
4.842666
4.864090
4.899474
4.881680
4.876675
4.847180
4.884169
4.875833
4.852459
4.886775
4.861165
4.851775
4.841634
4.867262
4.886272
4.884777
4.869122
4.872440
4.884631
4.865266
4.862862
4.902085
4.891336
4.906991
4.878647
4.875925
4.874360
4.892569
4.868711
4.872210
4.873158
4.874334
4.869461
4.883638
4.893316
4.873068
4.858963
4.910376
4.866654
4.849222
4.875283
4.866902
4.873194
4.883955
4.855459
4.874735
4.877057
4.882967
4.870333
4.893012
4.856885
4.876822
4.865645
4.893522
4.889162
4.847580
4.871504
4.873728
4.875162
4.867771
4.883666
4.893180
4.887655
4.873076
4.881926
4.865183
4.862138
4.844499
4.878378
4.901351
4.869986
4.847871
4.865264
4.918935
4.876427
4.859076
4.887856
4.871656
4.865713
4.878283
4.862139
4.893020
4.863330
4.849596
4.865587
4.840711
4.856080
4.865103
4.880785
4.846248
4.884467
4.875078
4.868729
4.864354
4.887870
4.859702
4.878745
4.860453
4.879312
4.884346
4.890331
4.896521
4.863942
4.871742
4.869321
4.872887
4.843672
4.874262
4.856120
4.839389
4.860120
4.857219
4.871632
4.854424
4.860091
4.879801
4.879325
4.893510
4.861034
4.874878
4.866685
4.850830
4.878439
4.869528
4.889208
4.854490
4.871932
4.878803
4.838243
4.865402
4.879344
4.857496
4.883280
4.848581
4.873715
4.882840
4.888361
4.892813
4.868780
4.896757
4.870501
4.854524
4.880514
4.886051
4.877210
4.865152
4.863901
4.887519
4.875746
4.881031
4.891005
4.877456
4.886485
4.902140
4.834854
4.858108
4.862973
4.862057
4.884066
4.880610
4.889294
4.871087
4.907123
4.862111
4.884124
4.854155
4.864388
4.891741
4.918515
4.899047
4.850029
4.879112
4.886748
4.856200
4.862612
4.848536
4.888697
4.862804
4.876631
4.887171
4.892841
4.875187
4.854394
4.863033
4.897083
4.871747
4.856242
4.880366
4.863129
4.888498
4.837635
4.874225
4.877402
4.853212
4.848753
4.877606
4.896114
4.862798
4.878259
4.850188
4.862191
4.831088
4.845259
4.877757
4.877512
4.849747
4.889110
4.875929
4.860449
4.863175
4.847489
4.879433
4.871850
4.847745
4.872829
4.862257
4.881473
4.869603
4.888050
4.868269
4.873565
4.837868
4.873405
4.874912
4.882052
4.874607
4.871942
4.865502
4.889793
4.879735
4.858191
4.885120
4.855894
4.880519
4.863891
4.859948
4.907699
4.869865
4.865287
4.863375
4.859564
4.857390
4.888314
4.888402
4.849554
4.880961
4.878189
4.892427
4.899677
4.876002
4.878971
4.867382
4.877949
4.891335
4.856209
4.862806
4.875392
4.867582
4.888144
4.864225
4.896857
4.854307
4.850974
4.865689
4.866337
4.869851
4.855086
4.857193
4.899774
4.887113
4.868579
4.849558
4.867553
4.854198
4.879374
4.857188
4.871889
4.862971
4.872664
4.855225
4.882021
4.856341
4.883105
4.878808
4.884333
4.855705
4.873343
4.891244
4.863753
4.842595
4.868439
4.871036
4.851398
4.863895
4.903426
4.860171
4.869161
4.892036
4.875407
4.878053
4.880760
4.888739
4.896019
4.866591
4.864011
4.896686
4.873950
4.889179
4.903218
4.856166
4.878324
4.837568
4.877530
4.913252
4.860400
4.870038
4.852229
4.870891
4.881872
4.877943
4.895017
4.894319
4.876658
4.866678
4.863666
4.892865
4.848607
4.888958
4.880404
4.861661
4.838664
4.887262
4.870081
4.859538
4.888745
4.876472
4.889511
4.881224
4.863632
4.859072
4.872092
4.873348
4.882898
4.877423
4.870841
4.867143
4.886157
4.863074
4.866687
4.893172
4.896305
4.865128
4.890873
4.861726
4.886357
4.881814
4.883005
4.878028
4.853458
4.871041
4.848870
4.891250
4.866119
4.879661
4.871768
4.845967
4.858473
4.878321
4.887087
4.899097
4.863467
4.878768
4.890012
4.878218
4.861233
4.888185
4.860762
4.894652
4.885572
4.858653
4.907925
4.864753
4.849959
4.887454
4.868267
4.871792
4.854315
4.881781
4.873252
4.875060
4.890495
4.874287
4.870877
4.883516
4.901333
4.853446
4.888970
4.871947
4.876371
4.864373
4.875264
4.890622
4.879642
4.868250
4.855024
4.890371
4.884634
4.859418
4.875972
4.877243
4.878048
4.894587
4.865768
4.893624
4.861398
4.851002
4.863720
4.883697
4.867414
4.866525
4.853124
4.880765
4.862557
4.867746
4.858946
4.881170
4.896939
4.859576
4.875135
4.875758
4.890846
4.863861
4.859564
4.886949
4.868166
4.864642
4.895479
4.870855
4.851624
4.873787
4.867170
4.857596
4.882627
4.889729
4.863297
4.873615
4.874842
4.833510
4.844355
4.871122
4.870984
4.872746
4.865347
4.881548
4.860100
4.863702
4.876626
4.899995
4.842895
4.869232
4.875655
4.861170
4.897014
4.875565
4.864406
4.889897
4.891988
4.864967
4.877152
4.872413
4.873192
4.867447
4.893863
4.890546
4.899016
4.871940
4.841291
4.891805
4.881715
4.882861
4.883524
4.893639
4.865086
4.888300
4.846065
4.876217
4.855982
4.877998
4.890575
4.861193
4.853481
4.865270
4.861383
4.875476
4.869648
4.859775
4.880360
4.903458
4.884450
4.890197
4.890060
4.885940
4.886868
4.862146
4.875645
4.876558
4.857912
4.873345
4.850668
4.856235
4.856964
4.851398
4.865804
4.887574
4.874257
4.841813
4.857384
4.879841
4.867119
4.868063
4.854784
4.856881
4.858281
4.863857
4.860491
4.871223
4.864068
4.879747
4.856589
4.872438
4.873704
4.897729
4.856884
4.875382
4.872797
4.880171
4.861793
4.864693
4.858813
4.871989
4.876576
4.860828
4.862445
4.864756
4.879033
4.852574
4.858440
4.871797
4.856320
4.849555
4.892005
4.856380
4.882645
4.873255
4.865741
4.867458
4.887831
4.897591
4.834351
4.849673
4.860213
4.893230
4.862291
4.862509
4.874524
4.861468
4.860929
4.880869
4.850021
4.888452
4.870813
4.898552
4.884975
4.880950
4.886289
4.868329
4.876661
4.894603
4.871841
4.867607
4.871091
4.889258
4.885318
4.882404
4.899113
4.878550
4.873170
4.858871
4.855240
4.860401
4.856031
4.881840
4.878592
4.897481
4.901830
4.875589
4.872716
4.881243
4.865286
4.880541
4.893611
4.903641
4.910051
4.861253
4.880094
4.886726
4.873382
4.884668
4.873424
4.863287
4.868166
4.881461
4.878307
4.866788
4.871941
4.854989
4.870732
4.884780
4.896017
4.847211
4.914676
4.873335
4.874142
4.846982
4.879290
4.864760
4.882979
4.884903
4.851957
4.884308
4.859833
4.863480
4.879920
4.859590
4.864663
4.869078
4.888310
4.883795
4.863206
4.884828
4.848513
4.887629
4.859758
4.884223
4.849063
4.889063
4.901573
4.895599
4.889272
4.883796
4.881724
4.896385
4.874837
4.849339
4.876818
4.874007
4.875014
4.839335
4.850921
4.870322
4.871187
4.851029
4.878121
4.856113
4.875598
4.868025
4.859398
4.847339
4.879619
4.861550
4.871437
4.861195
4.866188
4.871456
4.854901
4.878481
4.884956
4.894608
4.872022
4.866746
4.850221
4.871687
4.863388
4.851202
4.879933
4.858855
4.909019
4.894912
4.885848
4.852931
4.880153
4.883600
4.869394
4.894785
4.867381
4.893809
4.874884
4.895341
4.843618
4.860444
4.894798
4.872314
4.882918
4.858795
4.869340
4.839206
4.881490
4.859054
4.882209
4.876583
4.871785
4.897904
4.892031
4.890420
4.878006
4.872029
4.864102
4.860210
4.881404
4.888454
4.840494
4.864729
4.889747
4.885755
4.844311
4.851583
4.864751
4.876298
4.872218
4.854957
4.867499
4.866349
4.866947
4.880964
4.887888
4.890885
4.889986
4.889797
4.892738
4.856842
4.861953
4.877001
4.893450
4.867916
4.873115
4.845805
4.861073
4.867045
4.880951
4.874762
4.885121
4.857430
4.902481
4.889065
4.884483
4.865840
4.892039
4.871030
4.865842
4.865268
4.855053
4.874528
4.876353
4.866590
4.865252
4.891203
4.860568
4.896455
4.888871
4.894095
4.852586
4.872933
4.891575
4.881629
4.860406
4.874753
4.861257
4.866352
4.857773
4.859295
4.886102
4.879102
4.880641
4.856310
4.883514
4.849795
4.838826
4.868508
4.881019
4.896986
4.874065
4.878787
4.867396
4.905378
4.869886
4.901978
4.868041
4.878326
4.897426
4.866674
4.884250
4.878271
4.894103
4.863857
4.860713
4.892260
4.850930
4.847551
4.873137
4.858120
4.880533
4.874261
4.889956
4.883657
4.853317
4.877772
4.868178
4.894350
4.875951
4.866528
4.889084
4.870872
4.866766
4.881529
4.877938
4.890418
4.873077
4.872115
4.857384
4.883685
4.895688
4.897150
4.859583
4.871879
4.884897
4.863588
4.856136
4.857794
4.890181
4.892779
4.871080
4.888601
4.870527
4.872241
4.854916
4.874999
4.878954
4.883425
4.881859
4.855942
4.886180
4.886861
4.873886
4.858261
4.885871
4.864161
4.849733
4.881162
4.870886
4.878246
4.857262
4.886402
4.877239
4.872687
4.893907
4.879931
4.874226
4.870573
4.880346
4.886085
4.891076
4.859836
4.879011
4.830795
4.868295
4.873197
4.870704
4.863006
4.870736
4.876108
4.881281
4.900514
4.880998
4.880357
4.876140
4.868121
4.881923
4.882063
4.862728
4.871094
4.860515
4.872586
4.898554
4.873056
4.895423
4.881342
4.896221
4.874075
4.889690
4.849369
4.858890
4.877055
4.865416
4.866732
4.838759
4.874388
4.863720
4.852421
4.888757
4.892306
4.876251
4.875299
4.889285
4.892285
4.857311
4.886873
4.874000
4.874038
4.867659
4.889914
4.868971
4.861311
4.873910
4.882194
4.876305
4.876830
4.877817
4.874054
4.884028
4.884819
4.870008
4.906212
4.867099
4.866205
4.888545
4.850615
4.871400
4.866326
4.883473
4.864808
4.832992
4.880155
4.880983
4.874644
4.867890
4.862877
4.884678
4.871405
4.861076
4.893659
4.868387
4.875764
4.868750
4.874143
4.888845
4.884004
4.897247
4.858194
4.886914
4.878154
4.884585
4.888424
4.860700
4.885798
4.870024
4.897976
4.883756
4.866221
4.868455
4.854584
4.875305
4.904324
4.863548
4.900732
4.879073
4.865966
4.837426
4.846187
4.878086
4.846175
4.879338
4.890628
4.870778
4.885222
4.887597
4.878772
4.861463
4.863853
4.879267
4.875426
4.879396
4.871184
4.869298
4.874347
4.887967
4.856167
4.884279
4.873848
4.882529
4.879865
4.868967
4.893719
4.871153
4.867975
4.892646
4.870616
4.886167
4.858716
4.863678
4.868626
4.875695
4.878874
4.878146
4.844353
4.882150
4.874540
4.889512
4.878329
4.880184
4.878892
4.849366
4.839772
4.880508
4.892053
4.837826
4.856758
4.847268
4.878571
4.876708
4.859634
4.902092
4.867494
4.890681
4.875408
4.848120
4.884000
4.870797
4.848406
4.882434
4.880074
4.871198
4.854568
4.886224
4.880025
4.879080
4.896387
4.876986
4.901635
4.878839
4.881445
4.886450
4.873667
4.878756
4.858679
4.894930
4.903691
4.858302
4.854953
4.878067
4.863248
4.890087
4.851410
4.871940
4.881668
4.849426
4.873506
4.875245
4.865520
4.874010
4.855686
4.873754
4.852077
4.873046
4.875750
4.862434
4.883674
4.846334
4.846125
4.857245
4.870547
4.870473
4.872120
4.882971
4.888621
4.890453
4.864960
4.866918
4.871841
4.891003
4.872513
4.857875
4.871305
4.875644
4.867415
4.860987
4.845414
4.866822
4.860004
4.910052
4.860359
4.892781
4.846427
4.876093
4.875173
4.877296
4.864395
4.875208
4.881484
4.877173
4.871541
4.866016
4.857425
4.853668
4.861329
4.890528
4.889279
4.885352
4.887165
4.880069
4.892857
4.880476
4.873671
4.878935
4.882954
4.860900
4.863273
4.869451
4.886192
4.889736
4.850424
4.903299
4.864238
4.899203
4.861810
4.887507
4.853011
4.876619
4.883656
4.883458
4.875646
4.867329
4.856233
4.869742
4.882379
4.873161
4.870790
4.880261
4.870609
4.871364
4.866344
4.872538
4.857577
4.885859
4.882343
4.868613
4.875527
4.896532
4.852308
4.898786
4.867280
4.873650
4.896411
4.874754
4.865922
4.882807
4.860619
4.878272
4.884406
4.896035
4.874802
4.877899
4.888189
4.873748
4.880501
4.859889
4.875647
4.854192
4.869316
4.856445
4.851973
4.900770
4.879233
4.874776
4.859645
4.859372
4.868424
4.891176
4.866610
4.879225
4.878379
4.855568
4.898765
4.871607
4.860039
4.868429
4.887919
4.884389
4.869613
4.874094
4.846805
4.859177
4.897910
4.878409
4.872462
4.856005
4.836203
4.880090
4.889168
4.878852
4.852166
4.871000
4.884258
4.853578
4.858472
4.855229
4.871238
4.905441
4.872925
4.867372
4.883341
4.890983
4.862977
4.888781
4.865976
4.901295
4.878578
4.874667
4.875522
4.876255
4.847863
4.865898
4.863446
4.863042
4.875666
4.861606
4.870469
4.868346
4.875645
4.865770
4.893684
4.863072
4.853238
4.879407
4.888201
4.861158
4.870075
4.887985
4.867118
4.887198
4.885195
4.866085
4.874855
4.886075
4.875378
4.870293
4.859700
4.883561
4.874118
4.864929
4.884828
4.875875
4.852232
4.895085
4.901590
4.866248
4.903930
4.902284
4.869579
4.890060
4.860271
4.865638
4.872167
4.861471
4.847196
4.898507
4.868530
4.864768
4.861770
4.865913
4.868840
4.876871
4.853893
4.860807
4.868654
4.872235
4.879600
4.890656
4.874564
4.883630
4.835374
4.885319
4.875767
4.868338
4.871210
4.846224
4.866371
4.882329
4.871510
4.888057
4.862109
4.878531
4.858904
4.873473
4.886749
4.890696
4.886671
4.853927
4.849738
4.904281
4.877818
4.885427
4.880829
4.890523
4.873004
4.882866
4.882202
4.874167
4.897850
4.851440
4.844811
4.860948
4.866585
4.855283
4.858356
4.876938
4.867990
4.860242
4.875929
4.907793
4.874609
4.882398
4.844492
4.878728
4.873944
4.859156
4.845777
4.871694
4.887294
4.860455
4.882450
4.890248
4.865950
4.888515
4.891960
4.877306
4.844624
4.863780
4.852466
4.863946
4.848223
4.862817
4.868602
4.896916
4.884120
4.881025
4.864648
4.864411
4.883036
4.849612
4.883082
4.870556
4.883349
4.861198
4.867998
4.872225
4.873659
4.894083
4.873545
4.884828
4.870168
4.902995
4.879903
4.890377
4.872188
4.871441
4.856279
4.851486
4.870218
4.871083
4.848217
4.856144
4.882699
4.891730
4.862667
4.887725
4.877423
4.868086
4.873178
4.878254
4.873532
4.872346
4.880332
4.869278
4.874587
4.872021
4.869355
4.862270
4.866501
4.881627
4.882839
4.894861
4.843067
4.884869
4.840221
4.874476
4.880906
4.900147
4.879215
4.890993
4.874462
4.884351
4.858846
4.890290
4.890999
4.867224
4.876922
4.906281
4.881101
4.880118
4.861589
4.856675
4.857011
4.865682
4.864742
4.893323
4.889468
4.891338
4.871315
4.858658
4.878848
4.887751
4.887033
4.883401
4.861188
4.868873
4.858146
4.897207
4.878042
4.874293
4.862399
4.853646
4.875583
4.844950
4.869901
4.876711
4.867016
4.884693
4.874520
4.881670
4.879352
4.850589
4.897712
4.875542
4.876345
4.876357
4.880318
4.885065
4.885228
4.870390
4.882091
4.864480
4.880570
4.876084
4.881620
4.873484
4.874493
4.861579
4.888539
4.863430
4.884793
4.858524
4.869448
4.869090
4.875094
4.860836
4.864961
4.854474
4.874778
4.869595
4.861816
4.890525
4.888159
4.872281
4.861450
4.857704
4.874052
4.862588
4.870732
4.852591
4.880513
4.884071
4.882443
4.881589
4.891997
4.863006
4.876744
4.863771
4.882862
4.868187
4.886944
4.884727
4.878079
4.875594
4.885422
4.862533
4.893312
4.895256
4.862393
4.865302
4.849729
4.873774
4.905767
4.850947
4.875762
4.879721
4.875702
4.870655
4.859749
4.882779
4.885247
4.859969
4.890608
4.855088
4.863337
4.864751
4.847504
4.857280
4.877152
4.858134
4.900328
4.900506
4.842546
4.905530
4.880096
4.881841
4.868398
4.864132
4.857521
4.910222
4.885366
4.893054
4.866961
4.852247
4.873909
4.897147
4.856404
4.851536
4.844099
4.859239
4.849325
4.871872
4.870566
4.885749
4.845031
4.856970
4.885825
4.875587
4.869465
4.894833
4.875821
4.886230
4.888946
4.870153
4.876470
4.880032
4.849761
4.885979
4.873591
4.888072
4.880575
4.863829
4.873162
4.882214
4.885452
4.872285
4.867865
4.852294
4.872210
4.871344
4.880023
4.851397
4.857743
4.885060
4.883040
4.900503
4.873039
4.878850
4.889897
4.872082
4.863850
4.881167
4.873229
4.876483
4.880078
4.875927
4.847486
4.889369
4.885792
4.860600
4.873198
4.870215
4.871317
4.870784
4.869500
4.886224
4.874662
4.857375
4.857240
4.870371
4.877751
4.896457
4.882887
4.874115
4.854808
4.876194
4.889927
4.872754
4.863561
4.858562
4.867549
4.883112
4.848616
4.854332
4.868862
4.857452
4.855875
4.891846
4.869386
4.901523
4.866332
4.867832
4.891887
4.876687
4.867608
4.836405
4.867969
4.868800
4.866163
4.859555
4.874376
4.872803
4.864291
4.867538
4.863668
4.878777
4.886377
4.886114
4.864488
4.880290
4.854758
4.888162
4.844204
4.873213
4.859237
4.846973
4.872639
4.886246
4.872546
4.877265
4.869151
4.892147
4.863299
4.844809
4.886056
4.900472
4.902560
4.879676
4.878051
4.902875
4.888296
4.874616
4.864978
4.861692
4.880590
4.864275
4.876004
4.879691
4.873252
4.885410
4.851191
4.874364
4.881145
4.875733
4.878007
4.867744
4.863379
4.874757
4.862361
4.852040
4.878032
4.871556
4.870921
4.842737
4.908470
4.890833
4.869684
4.849180
4.875620
4.851551
4.884481
4.860256
4.886759
4.876104
4.854793
4.876098
4.869699
4.858032
4.868346
4.882254
4.862962
4.842788
4.880082
4.869802
4.877920
4.883553
4.859047
4.854214
4.885315
4.877243
4.891480
4.859694
4.844919
4.869243
4.864381
4.892201
4.885870
4.887282
4.862062
4.905526
4.872628
4.857172
4.877472
4.867026
4.861837
4.879677
4.887380
4.846458
4.872907
4.884871
4.884887
4.869962
4.890633
4.875504
4.855443
4.891810
4.852216
4.857488
4.842835
4.897536
4.857090
4.842850
4.880795
4.888393
4.885143
4.887537
4.912066
4.892547
4.861217
4.868289
4.885066
4.850878
4.882852
4.898496
4.871480
4.863321
4.869425
4.872398
4.882198
4.871393
4.876273
4.863444
4.880097
4.860290
4.870027
4.881652
4.889335
4.865250
4.851106
4.897387
4.892060
4.898463
4.887371
4.883297
4.871403
4.876532
4.891085
4.878801
4.886097
4.870534
4.869938
4.886655
4.885181
4.860739
4.883470
4.889129
4.889831
4.860347
4.863166
4.871053
4.859425
4.849848
4.871171
4.873990
4.893303
4.851233
4.871767
4.875107
4.855429
4.882154
4.883611
4.874550
4.867435
4.848083
4.856877
4.863251
4.861632
4.862909
4.867278
4.887131
4.869357
4.876229
4.883694
4.866988
4.862542
4.846338
4.863682
4.862062
4.908854
4.880841
4.879044
4.852563
4.862731
4.840927
4.877105
4.837175
4.916021
4.842182
4.854251
4.890114
4.871896
4.873435
4.829781
4.890028
4.848632
4.885695
4.856636
4.893708
4.887498
4.863643
4.892780
4.878516
4.886226
4.888687
4.859865
4.851887
4.874119
4.869117
4.876800
4.870981
4.885444
4.878961
4.856102
4.883736
4.856240
4.875444
4.888277
4.884703
4.873980
4.854317
4.856675
4.867221
4.872887
4.886408
4.850596
4.857310
4.867307
4.891625
4.900865
4.871218
4.872580
4.880087
4.874494
4.869716
4.852437
4.922488
4.860886
4.858737
4.879627
4.890029
4.852329
4.869352
4.885525
4.878041
4.854482
4.866753
4.863678
4.862087
4.878568
4.889754
4.863815
4.888873
4.860388
4.889521
4.886773
4.877106
4.860547
4.899197
4.878800
4.874319
4.875975
4.860556
4.850299
4.855603
4.903851
4.901365
4.873819
4.878088
4.876136
4.901954
4.864901
4.892055
4.883092
4.873568
4.896798
4.841007
4.877170
4.861912
4.870681
4.858517
4.882660
4.880170
4.872786
4.850911
4.856377
4.872372
4.876443
4.871071
4.875871
4.873432
4.841508
4.872620
4.879895
4.858088
4.898426
4.873736
4.862377
4.895211
4.859334
4.892895
4.857323
4.892337
4.901252
4.877211
4.888258
4.875583
4.863541
4.855919
4.887830
4.890458
4.870154
4.879688
4.854019
4.863305
4.869743
4.863789
4.876345
4.883497
4.872793
4.901525
4.879394
4.888168
4.858487
4.867177
4.878167
4.848426
4.861925
4.869572
4.881492
4.863742
4.876491
4.858569
4.898259
4.863416
4.882555
4.886395
4.866061
4.868800
4.885662
4.877171
4.879655
4.868903
4.845669
4.858541
4.855613
4.874225
4.862894
4.880960
4.895488
4.888301
4.874835
4.864419
4.870385
4.882030
4.869646
4.864841
4.867260
4.869444
4.897744
4.880751
4.882428
4.877057
4.885240
4.861660
4.853577
4.886827
4.875557
4.869751
4.851912
4.871884
4.888050
4.869186
4.857363
4.889422
4.875537
4.881585
4.889588
4.865174
4.883549
4.867774
4.880732
4.872101
4.881496
4.852614
4.885340
4.870492
4.865749
4.883457
4.864546
4.877228
4.869087
4.875526
4.864373
4.857875
4.882693
4.868060
4.863454
4.847505
4.883835
4.868322
4.889246
4.881942
4.876309
4.844207
4.881030
4.870962
4.876578
4.875656
4.901481
4.852436
4.855521
4.880718
4.849381
4.866859
4.873308
4.862496
4.867720
4.878336
4.871679
4.874496
4.867174
4.895621
4.868723
4.869532
4.859591
4.856543
4.887352
4.886828
4.867930
4.878481
4.899613
4.892517
4.855366
4.877842
4.894210
4.876920
4.848043
4.867433
4.858600
4.859663
4.873550
4.876347
4.892821
4.896901
4.912488
4.876648
4.863030
4.876956
4.892736
4.863145
4.878910
4.854917
4.862769
4.877424
4.867256
4.852692
4.871012
4.875019
4.853686
4.870576
4.875212
4.853546
4.862235
4.900114
4.867609
4.859409
4.883516
4.867159
4.860061
4.860414
4.861615
4.888935
4.841574
4.882824
4.852937
4.891815
4.893817
4.862209
4.853496
4.865921
4.862282
4.893350
4.879553
4.895176
4.861739
4.854448
4.839301
4.888934
4.893396
4.897506
4.871680
4.884144
4.858816
4.861811
4.865243
4.860387
4.866926
4.855034
4.855055
4.883602
4.878016
4.887472
4.873856
4.872014
4.870069
4.868207
4.894806
4.871309
4.895150
4.889241
4.878041
4.876645
4.906893
4.894760
4.865540
4.865894
4.898202
4.860398
4.863106
4.874020
4.868774
4.877291
4.850139
4.889248
4.863605
4.864735
4.863503
4.862854
4.868526
4.860243
4.869906
4.862548
4.870004
4.868832
4.896062
4.866796
4.852282
4.864753
4.871486
4.870623
4.873309
4.868672
4.885565
4.854683
4.860451
4.867329
4.873928
4.883860
4.864886
4.871525
4.891568
4.891517
4.883861
4.871638
4.893400
4.847473
4.869700
4.879776
4.878707
4.877710
4.865891
4.867262
4.875287
4.879222
4.872224
4.870487
4.879884
4.839462
4.868770
4.887904
4.859627
4.882566
4.892072
4.869436
4.852049
4.878643
4.863785
4.884924
4.892269
4.871859
4.857073
4.889717
4.880142
4.875025
4.888357
4.907594
4.879892
4.879680
4.915219
4.894081
4.859757
4.874917
4.867617
4.876621
4.865561
4.852609
4.865936
4.882694
4.884064
4.869863
4.870149
4.858431
4.857174
4.865736
4.877218
4.901189
4.869348
4.873482
4.875342
4.872028
4.836095
4.873689
4.877836
4.868107
4.867696
4.870563
4.872027
4.905121
4.876290
4.875601
4.878532
4.886686
4.876346
4.901457
4.874823
4.870986
4.893781
4.848526
4.876550
4.850818
4.880597
4.868796
4.859706
4.888398
4.859513
4.872129
4.885839
4.874295
4.861979
4.870951
4.873771
4.878667
4.858945
4.887140
4.872249
4.882747
4.894427
4.863061
4.873271
4.876064
4.885075
4.887699
4.867744
4.898264
4.878663
4.876318
4.881386
4.863375
4.868118
4.868343
4.893298
4.871212
4.874246
4.841508
4.851184
4.867146
4.883723
4.871176
4.844408
4.874241
4.881263
4.887616
4.862329
4.896965
4.907061
4.876442
4.883116
4.854669
4.877181
4.876514
4.851983
4.870282
4.855276
4.871722
4.875388
4.861118
4.856575
4.861536
4.870162
4.894542
4.870598
4.876375
4.869755
4.876436
4.895099
4.881860
4.888401
4.885570
4.907595
4.889274
4.866571
4.886577
4.866470
4.869971
4.872581
4.883939
4.873094
4.839018
4.858341
4.854050
4.881072
4.873972
4.877117
4.877123
4.846049
4.888187
4.850787
4.875994
4.853671
4.867399
4.833085
4.889087
4.853213
4.858546
4.843226
4.887621
4.854979
4.872023
4.911560
4.888545
4.887299
4.890487
4.868118
4.855302
4.857211
4.874765
4.874963
4.865348
4.862451
4.854370
4.866908
4.852074
4.881539
4.881761
4.868652
4.892704
4.874123
4.883981
4.862855
4.897517
4.876909
4.881092
4.869601
4.872041
4.861944
4.891850
4.861066
4.883878
4.861964
4.878407
4.861124
4.876771
4.866267
4.883763
4.877326
4.862814
4.901896
4.866064
4.894120
4.863133
4.883780
4.877707
4.893168
4.874189
4.880428
4.856025
4.850734
4.863961
4.859065
4.874377
4.864523
4.867652
4.880800
4.848643
4.860221
4.860185
4.870873
4.855405
4.870556
4.874036
4.875994
4.877764
4.889159
4.853652
4.874117
4.868100
4.890294
4.860886
4.860396
4.881911
4.877081
4.856513
4.866903
4.870747
4.867585
4.866772
4.890944
4.896898
4.862085
4.858098
4.884229
4.868829
4.893553
4.889528
4.895098
4.867566
4.886425
4.881140
4.878527
4.881397
4.857998
4.875801
4.862654
4.902250
4.886354
4.878153
4.900675
4.873511
4.895514
4.854876
4.875267
4.870203
4.869034
4.869497
4.883229
4.846344
4.862856
4.862674
4.884982
4.880944
4.870963
4.857227
4.868368
4.875402
4.867411
4.874434
4.875059
4.875126
4.870122
4.884108
4.872432
4.866227
4.899022
4.869788
4.896292
4.869053
4.860738
4.858312
4.897736
4.895703
4.871301
4.874661
4.869978
4.879441
4.863511
4.860478
4.866237
4.854901
4.878051
4.859210
4.884033
4.867207
4.877430
4.860179
4.881276
4.874831
4.851539
4.875128
4.880913
4.849063
4.875330
4.896317
4.867160
4.893377
4.879859
4.899077
4.867917
4.863430
4.901246
4.829409
4.863438
4.867911
4.858702
4.871377
4.882399
4.872662
4.862378
4.896666
4.866137
4.865560
4.853722
4.888162
4.862223
4.865350
4.873208
4.850469
4.893586
4.873963
4.875760
4.868172
4.867579
4.873183
4.862677
4.872428
4.860137
4.876827
4.865609
4.879031
4.869362
4.855462
4.834181
4.892172
4.871305
4.889464
4.860085
4.885623
4.863911
4.852768
4.847530
4.868740
4.871652
4.871574
4.873654
4.889330
4.879842
4.876323
4.896748
4.879255
4.908229
4.875391
4.887701
4.875452
4.866952
4.845981
4.870973
4.893272
4.860169
4.862671
4.893541
4.879533
4.844276
4.885562
4.861261
4.869164
4.858462
4.899864
4.867545
4.887256
4.889252
4.868395
4.853523
4.868178
4.868862
4.864383
4.884837
4.881558
4.857884
4.877591
4.884897
4.858003
4.868613
4.883591
4.866121
4.866339
4.880571
4.889447
4.885923
4.876239
4.874203
4.836109
4.870641
4.871630
4.885308
4.871129
4.864430
4.896423
4.860591
4.901381
4.865301
4.876094
4.877155
4.865075
4.873936
4.869286
4.876178
4.871165
4.870906
4.860135
4.851053
4.879886
4.853355
4.884784
4.875769
4.877760
4.894759
4.851763
4.879660
4.873417
4.857309
4.850716
4.887066
4.894442
4.887598
4.861282
4.883670
4.855724
4.882086
4.874128
4.889737
4.874389
4.885968
4.906730
4.891625
4.891591
4.899167
4.877937
4.863253
4.854518
4.870149
4.866892
4.845468
4.901778
4.864022
4.854581
4.869946
4.866934
4.864953
4.854279
4.861187
4.856838
4.879266
4.891355
4.829173
4.873122
4.849048
4.857783
4.892996
4.852938
4.848038
4.880326
4.889685
4.874646
4.881979
4.873830
4.864729
4.861359
4.885212
4.849905
4.880288
4.865929
4.883798
4.847853
4.890316
4.860684
4.880844
4.882643
4.855902
4.874210
4.879476
4.885349
4.889087
4.856326
4.892820
4.864834
4.847632
4.855763
4.873857
4.881145
4.886248
4.904714
4.864585
4.863641
4.845952
4.878798
4.893607
4.868059
4.870235
4.908404
4.887722
4.868190
4.878408
4.876154
4.872914
4.875351
4.884041
4.873971
4.866274
4.857037
4.860529
4.861485
4.888945
4.846058
4.885848
4.857428
4.891818
4.887474
4.849256
4.855880
4.854804
4.857466
4.878405
4.876648
4.884699
4.862389
4.908312
4.873354
4.887760
4.887321
4.878026
4.849156
4.843556
4.856689
4.871504
4.871367
4.869410
4.878235
4.869057
4.889949
4.859628
4.887036
4.863325
4.891513
4.877334
4.863245
4.888977
4.885770
4.874378
4.862959
4.877045
4.875982
4.867269
4.882774
4.883694
4.884061
4.857586
4.890151
4.869811
4.864395
4.896316
4.865334
4.888303
4.871236
4.902563
4.888701
4.860914
4.882924
4.857869
4.862671
4.855858
4.872462
4.879947
4.881837
4.848879
4.861821
4.840134
4.852722
4.880768
4.878729
4.869219
4.872242
4.889786
4.892972
4.862262
4.878131
4.875152
4.889803
4.887990
4.904679
4.856705
4.857390
4.876553
4.895559
4.880662
4.887725
4.896853
4.854446
4.871829
4.879003
4.872993
4.829344
4.903613
4.847469
4.870410
4.881173
4.855403
4.859319
4.834594
4.865871
4.880421
4.871582
4.879044
4.886314
4.879778
4.879448
4.873612
4.876141
4.866240
4.884472
4.879914
4.902835
4.857484
4.876836
4.876790
4.877276
4.882939
4.855007
4.879649
4.872652
4.864011
4.879415
4.850658
4.878833
4.865696
4.877978
4.849642
4.864449
4.903948
4.881851
4.875718
4.894784
4.861217
4.853435
4.869885
4.870839
4.853798
4.893227
4.862307
4.882153
4.894990
4.875886
4.861299
4.888079
4.861897
4.845331
4.899172
4.871840
4.845126
4.845262
4.873906
4.887639
4.875439
4.857240
4.886294
4.867092
4.885015
4.883827
4.886606
4.867819
4.868527
4.833512
4.864570
4.874553
4.865705
4.874823
4.840031
4.891814
4.883272
4.860480
4.864078
4.847682
4.868748
4.880836
4.872100
4.881894
4.879623
4.873774
4.838279
4.879401
4.881736
4.868309
4.873055
4.862287
4.868995
4.864158
4.884550
4.902514
4.868512
4.867205
4.877627
4.880602
4.901338
4.856651
4.859933
4.881375
4.871693
4.842623
4.858874
4.873878
4.854833
4.864712
4.899713
4.854816
4.848813
4.875885
4.898645
4.861115
4.863750
4.857272
4.873868
4.864571
4.876345
4.862433
4.870936
4.890767
4.882221
4.861741
4.899322
4.857471
4.841450
4.839926
4.847056
4.868940
4.869194
4.836002
4.875195
4.878932
4.898642
4.858720
4.884394
4.880534
4.858723
4.910717
4.856530
4.846511
4.866267
4.889387
4.869580
4.884532
4.843041
4.878424
4.882762
4.857534
4.892178
4.878383
4.855373
4.872232
4.899748
4.859090
4.863493
4.882803
4.880874
4.878113
4.881593
4.851185
4.864890
4.878141
4.858903
4.858037
4.862864
4.893005
4.875693
4.879927
4.879574
4.881279
4.875313
4.853833
4.877135
4.860796
4.863298
4.855121
4.878785
4.875283
4.871783
4.882916
4.865712
4.880711
4.882836
4.871233
4.878171
4.872868
4.864640
4.864129
4.885353
4.866836
4.866638
4.886496
4.860489
4.864055
4.855197
4.851321
4.868900
4.876757
4.878135
4.875738
4.875227
4.868420
4.880067
4.863736
4.887519
4.861184
4.851847
4.877146
4.884628
4.881687
4.874437
4.903591
4.870467
4.867790
4.884338
4.885379
4.859257
4.858662
4.882833
4.869336
4.886467
4.884498
4.870089
4.869940
4.853957
4.877866
4.879871
4.847078
4.878214
4.883874
4.887084
4.866886
4.856478
4.851542
4.902572
4.876845
4.871272
4.902439
4.867670
4.880140
4.858128
4.827948
4.885514
4.859254
4.875979
4.872118
4.871350
4.874222
4.861750
4.903249
4.884002
4.886551
4.869078
4.879249
4.870962
4.855706
4.869851
4.846799
4.886544
4.879061
4.880058
4.873014
4.886161
4.860236
4.880942
4.873087
4.857664
4.880287
4.847723
4.885229
4.854454
4.885065
4.874519
4.862803
4.885255
4.875082
4.875221
4.875551
4.896441
4.863695
4.868084
4.878601
4.867535
4.899244
4.887061
4.875089
4.872200
4.885351
4.867318
4.844518
4.872685
4.854548
4.872025
4.888559
4.877265
4.871698
4.859702
4.870269
4.858439
4.872264
4.856299
4.878751
4.860048
4.868389
4.883923
4.879866
4.894634
4.875783
4.877474
4.862300
4.878568
4.869020
4.863048
4.896523
4.847798
4.873882
4.890100
4.874653
4.900153
4.877486
4.895670
4.874276
4.863322
4.878012
4.868431
4.862245
4.871137
4.860419
4.853966
4.867977
4.880108
4.872432
4.877289
4.881802
4.873379
4.880103
4.862502
4.872058
4.889265
4.855235
4.892224
4.868781
4.853412
4.865053
4.868727
4.899620
4.860786
4.870738
4.878453
4.888409
4.857377
4.883407
4.861842
4.851421
4.860344
4.876232
4.881395
4.878293
4.869586
4.864435
4.869949
4.872605
4.858700
4.871362
4.878454
4.862745
4.878975
4.863921
4.856155
4.895094
4.852180
4.851481
4.881637
4.895777
4.882548
4.891710
4.871991
4.855662
4.874182
4.870118
4.878182
4.885279
4.863825
4.871467
4.866064
4.895575
4.869596
4.882356
4.866319
4.870791
4.853613
4.884781
4.867970
4.862365
4.877678
4.859836
4.898461
4.859911
4.849475
4.878672
4.884015
4.882744
4.874041
4.886316
4.895676
4.873264
4.881384
4.869043
4.896225
4.871020
4.876116
4.867728
4.866679
4.870947
4.867422
4.860575
4.886902
4.864527
4.884059
4.867315
4.874988
4.878195
4.863178
4.854109
4.874002
4.881572
4.869531
4.856802
4.840124
4.876872
4.870380
4.868465
4.899488
4.860204
4.869170
4.884283
4.843074
4.873337
4.849496
4.890778
4.878960
4.871877
4.849884
4.905737
4.893462
4.865965
4.886324
4.866868
4.885615
4.863185
4.901249
4.886413
4.874829
4.887115
4.884031
4.882895
4.880623
4.866054
4.905550
4.858682
4.885240
4.872661
4.845160
4.874227
4.871449
4.896179
4.848208
4.889502
4.859810
4.889273
4.846481
4.879398
4.852490
4.857784
4.867978
4.872767
4.890605
4.887514
4.881181
4.860002
4.831812
4.868771
4.833383
4.891643
4.878037
4.881517
4.853216
4.890479
4.879160
4.863509
4.880771
4.862928
4.871821
4.863457
4.865039
4.863777
4.880576
4.872595
4.857092
4.880796
4.886984
4.896664
4.897522
4.889673
4.873789
4.881256
4.862329
4.887984
4.865220
4.869724
4.873732
4.872560
4.841217
4.866825
4.875647
4.874471
4.892015
4.897575
4.890362
4.879987
4.883988
4.867887
4.869431
4.856906
4.878823
4.866906
4.867180
4.830581
4.868032
4.888546
4.871233
4.859891
4.853848
4.872049
4.861023
4.881238
4.843450
4.845916
4.845051
4.837119
4.861996
4.873261
4.879273
4.895250
4.897496
4.847083
4.861688
4.894367
4.898238
4.877257
4.869486
4.848600
4.852111
4.883549
4.896857
4.871343
4.861803
4.854863
4.864161
4.902645
4.844142
4.865206
4.850812
4.844724
4.880546
4.874320
4.857779
4.887461
4.875458
4.884779
4.849088
4.887978
4.867921
4.859798
4.856286
4.889904
4.874529
4.885120
4.870928
4.847560
4.862966
4.851568
4.891200
4.874583
4.871314
4.842056
4.885336
4.873566
4.879144
4.887107
4.888999
4.852756
4.885936
4.882599
4.869727
4.880421
4.869803
4.895861
4.862356
4.857312
4.858707
4.866431
4.883653
4.898961
4.886012
4.877222
4.884711
4.884499
4.851999
4.872461
4.907821
4.875258
4.864849
4.870064
4.834955
4.856158
4.877051
4.874687
4.885092
4.894077
4.874440
4.872059
4.874659
4.873964
4.869179
4.880844
4.857784
4.880311
4.874722
4.883608
4.863332
4.886371
4.873186
4.860189
4.856879
4.868419
4.877844
4.848145
4.869589
4.894165
4.847286
4.877381
4.891177
4.874161
4.879972
4.869391
4.876767
4.862132
4.875074
4.847312
4.865886
4.873390
4.866234
4.903237
4.853015
4.855520
4.870073
4.849308
4.883988
4.872166
4.870659
4.885402
4.849042
4.879920
4.868113
4.864497
4.890656
4.900092
4.868588
4.851622
4.856444
4.878420
4.877765
4.868499
4.852043
4.861737
4.874923
4.880533
4.879223
4.868064
4.859445
4.874452
4.860118
4.872957
4.881245
4.871951
4.840273
4.878775
4.872391
4.865655
4.873482
4.850554
4.882792
4.869056
4.887686
4.868793
4.871917
4.865102
4.872905
4.907709
4.897251
4.864964
4.882392
4.881911
4.856199
4.853874
4.874441
4.885416
4.885723
4.861501
4.885443
4.905531
4.876666
4.881411
4.891596
4.917796
4.881250
4.890954
4.872245
4.868183
4.842513
4.871784
4.862904
4.882877
4.881498
4.886081
4.864038
4.870271
4.876572
4.872721
4.877717
4.874530
4.904690
4.877349
4.873079
4.883320
4.864361
4.878367
4.838711
4.850358
4.885034
4.865966
4.859468
4.860085
4.843286
4.852554
4.854369
4.859925
4.872381
4.888008
4.865324
4.860763
4.863998
4.857516
4.892120
4.858163
4.871667
4.882073
4.886690
4.891181
4.854278
4.869338
4.852912
4.880597
4.884498
4.884906
4.899574
4.872440
4.846992
4.873961
4.880795
4.874401
4.846770
4.852320
4.893785
4.879248
4.877234
4.884888
4.891853
4.873488
4.866435
4.870755
4.880968
4.880843
4.857270
4.880234
4.846906
4.858815
4.881551
4.905500
4.874711
4.867722
4.880768
4.878292
4.871672
4.862824
4.862001
4.875455
4.845935
4.873883
4.870944
4.837057
4.882391
4.875966
4.860396
4.863888
4.850882
4.869986
4.863078
4.879586
4.873042
4.890670
4.881717
4.855301
4.891840
4.862425
4.868003
4.866826
4.880881
4.873983
4.871304
4.844313
4.884197
4.855583
4.860144
4.860164
4.900284
4.877773
4.876698
4.885894
4.852637
4.859805
4.880818
4.859924
4.876755
4.882960
4.884296
4.882489
4.877804
4.860590
4.866396
4.867138
4.867930
4.877460
4.857538
4.853785
4.882149
4.868323
4.886083
4.892887
4.860792
4.886715
4.863437
4.911525
4.875940
4.878069
4.864497
4.874658
4.862447
4.860164
4.873100
4.873713
4.888617
4.843643
4.900140
4.831448
4.889569
4.885592
4.899943
4.879266
4.844050
4.904424
4.893391
4.864372
4.895172
4.857937
4.866929
4.866378
4.865166
4.875391
4.885262
4.869370
4.879895
4.879151
4.891702
4.877589
4.838039
4.879976
4.876223
4.899604
4.866686
4.877652
4.866090
4.885927
4.877753
4.877667
4.857864
4.849695
4.895467
4.878214
4.856533
4.863695
4.864635
4.892194
4.877217
4.873088
4.867861
4.887330
4.853628
4.856725
4.877019
4.867073
4.856566
4.860485
4.869051
4.859694
4.844872
4.888192
4.879797
4.868260
4.867878
4.850257
4.867322
4.853751
4.877787
4.860425
4.886334
4.886744
4.867060
4.898631
4.871074
4.856709
4.869485
4.877577
4.889213
4.891467
4.859659
4.873750
4.873330
4.884160
4.863099
4.860614
4.864566
4.894433
4.861181
4.870498
4.886246
4.869974
4.859767
4.889402
4.879547
4.851643
4.896551
4.876135
4.887422
4.876877
4.867737
4.900612
4.846398
4.826230
4.875588
4.880980
4.887402
4.872858
4.880736
4.869776
4.880152
4.886852
4.862962
4.862378
4.844871
4.853120
4.892664
4.870739
4.869552
4.872327
4.866798
4.872274
4.885072
4.892001
4.885105
4.882246
4.866268
4.882709
4.867389
4.878757
4.865597
4.844041
4.858254
4.863683
4.878289
4.884340
4.878497
4.852012
4.881523
4.876682
4.876975
4.868631
4.874899
4.874571
4.877978
4.862013
4.866858
4.882144
4.863139
4.852537
4.883933
4.873164
4.849608
4.856255
4.881756
4.858194
4.897260
4.881202
4.855363
4.886501
4.889173
4.863251
4.887633
4.890381
4.870838
4.852998
4.889140
4.860737
4.872289
4.874645
4.883828
4.856797
4.872079
4.861614
4.873173
4.876016
4.877313
4.868518
4.873553
4.886558
4.861394
4.869701
4.872814
4.888978
4.857220
4.874416
4.886848
4.843715
4.896002
4.881873
4.893653
4.869405
4.873840
4.866195
4.871101
4.878749
4.876461
4.872837
4.895648
4.868819
4.857289
4.907008
4.870595
4.879800
4.881019
4.895456
4.888598
4.872312
4.868389
4.849079
4.850054
4.888804
4.850342
4.887059
4.886943
4.854473
4.875138
4.873893
4.867764
4.863567
4.867389
4.866149
4.861363
4.891244
4.862792
4.871131
4.854583
4.874901
4.874169
4.872440
4.864934
4.870502
4.905468
4.899087
4.869343
4.858718
4.876953
4.857924
4.895132
4.885952
4.858470
4.878912
4.867313
4.846941
4.868164
4.870205
4.862729
4.884840
4.854805
4.864710
4.863633
4.868607
4.896145
4.882763
4.879840
4.893756
4.886713
4.863385
4.886758
4.873122
4.872059
4.873142
4.832335
4.881845
4.866170
4.884156
4.882986
4.862514
4.873554
4.842397
4.879366
4.879845
4.874997
4.874843
4.895382
4.866715
4.875958
4.863212
4.878166
4.888049
4.896970
4.876062
4.861245
4.888811
4.900433
4.859639
4.856212
4.872366
4.879097
4.889132
4.891919
4.868123
4.853182
4.880228
4.889472
4.858148
4.904346
4.885921
4.858358
4.880993
4.861987
4.877532
4.885753
4.887363
4.868194
4.881103
4.865661
4.887895
4.891971
4.859591
4.869471
4.873584
4.879103
4.894391
4.894990
4.891792
4.877232
4.865896
4.893108
4.859063
4.887401
4.906967
4.867549
4.878225
4.876353
4.878484
4.884743
4.883114
4.875053
4.869100
4.888200
4.871836
4.870496
4.879489
4.862296
4.902694
4.884682
4.875975
4.870540
4.870749
4.871276
4.876960
4.868939
4.879269
4.862505
4.904462
4.880590
4.887483
4.864948
4.872538
4.875872
4.893053
4.882998
4.859148
4.879435
4.867089
4.894696
4.855106
4.872622
4.866840
4.890875
4.877972
4.883132
4.897966
4.899057
4.857053
4.890511
4.878946
4.890501
4.852454
4.866278
4.848787
4.883535
4.887470
4.856679
4.882300
4.897865
4.901406
4.885344
4.878531
4.870515
4.886773
4.897176
4.856957
4.892237
4.871583
4.874964
4.887355
4.874329
4.862306
4.893848
4.862874
4.890803
4.861195
4.851029
4.883622
4.884763
4.847454
4.868924
4.844030
4.891037
4.880248
4.867868
4.905982
4.904326
4.894111
4.889483
4.860540
4.880489
4.861183
4.857058
4.870854
4.851904
4.857090
4.873464
4.864131
4.873744
4.885890
4.893167
4.861532
4.874111
4.856094
4.865651
4.853616
4.879673
4.899639
4.876461
4.880397
4.865813
4.849750
4.859468
4.847557
4.861024
4.859797
4.873787
4.881866
4.866690
4.887721
4.860249
4.872063
4.870382
4.886808
4.857967
4.864801
4.851233
4.895668
4.855933
4.866082
4.873142
4.870555
4.891166
4.849827
4.854343
4.861512
4.866725
4.875025
4.876440
4.845751
4.886428
4.819929
4.862802
4.872314
4.880193
4.840110
4.882975
4.858286
4.851226
4.859569
4.878799
4.852909
4.839925
4.876862
4.873327
4.871010
4.868440
4.881651
4.861084
4.866323
4.862328
4.849577
4.846973
4.863284
4.862704
4.875309
4.899588
4.886916
4.871641
4.867830
4.858761
4.891690
4.902505
4.862010
4.871341
4.879578
4.862781
4.892252
4.865225
4.886608
4.878479
4.879804
4.893538
4.868184
4.883057
4.893739
4.884727
4.837369
4.874715
4.881727
4.886535
4.835122
4.885791
4.861844
4.894848
4.859461
4.880062
4.850689
4.852115
4.858905
4.899756
4.878243
4.870241
4.872313
4.875299
4.867747
4.866504
4.902818
4.857960
4.880851
4.893607
4.855537
4.891781
4.882719
4.852938
4.889177
4.860527
4.881469
4.907211
4.869260
4.877019
4.877486
4.888850
4.891022
4.857269
4.866084
4.847039
4.864753
4.892627
4.854664
4.880719
4.875830
4.880958
4.883345
4.887332
4.898876
4.880385
4.911807
4.861623
4.882800
4.872673
4.906445
4.871119
4.884070
4.867871
4.866982
4.879064
4.869712
4.864137
4.858317
4.880517
4.893071
4.879660
4.887277
4.878224
4.878527
4.890036
4.877642
4.874855
4.898801
4.864401
4.886444
4.862521
4.885849
4.848693
4.874417
4.884461
4.869865
4.877107
4.884764
4.876120
4.861611
4.878879
4.865101
4.870521
4.890042
4.885252
4.862645
4.864573
4.853364
4.862067
4.869954
4.875420
4.873125
4.883488
4.875935
4.876334
4.871886
4.877036
4.853183
4.862789
4.873522
4.829368
4.884980
4.870919
4.876980
4.880209
4.865537
4.857207
4.902503
4.870017
4.867174
4.868985
4.885850
4.906837
4.887695
4.852969
4.870981
4.881169
4.868660
4.863098
4.888040
4.892286
4.865051
4.879867
4.881677
4.857327
4.879750
4.877613
4.900762
4.902198
4.875069
4.868663
4.885100
4.867831
4.856303
4.858052
4.887716
4.865417
4.894910
4.868387
4.880171
4.878028
4.866982
4.849746
4.872713
4.874560
4.867721
4.876194
4.865289
4.881380
4.890325
4.841415
4.892275
4.881469
4.877851
4.881534
4.892593
4.871502
4.882342
4.868312
4.874702
4.872091
4.880274
4.873940
4.866116
4.871267
4.890458
4.867519
4.862788
4.887287
4.889727
4.884675
4.885297
4.877593
4.857356
4.888134
4.859528
4.876535
4.879936
4.869021
4.851714
4.875157
4.847921
4.896681
4.860095
4.845098
4.880246
4.872137
4.894815
4.880494
4.879192
4.864566
4.874014
4.886241
4.872439
4.875441
4.882333
4.872845
4.878045
4.888161
4.896792
4.876035
4.890476
4.894736
4.878894
4.881763
4.876539
4.869741
4.871960
4.901187
4.884103
4.890650
4.899232
4.906436
4.869270
4.895828
4.893730
4.865545
4.869690
4.858895
4.847467
4.869684
4.863971
4.870624
4.870119
4.872450
4.868031
4.876681
4.853830
4.859181
4.858814
4.887714
4.889424
4.890968
4.862756
4.886267
4.889281
4.875010
4.864960
4.848522
4.888370
4.908167
4.888930
4.873886
4.872279
4.865767
4.851195
4.880234
4.856382
4.871338
4.882960
4.882580
4.869769
4.888498
4.851832
4.870031
4.866647
4.850263
4.862234
4.868107
4.881017
4.877747
4.869802
4.891659
4.864273
4.883949
4.859220
4.882304
4.866320
4.867455
4.876404
4.874242
4.876863
4.900062
4.877831
4.881210
4.889905
4.855530
4.878563
4.892532
4.884931
4.871773
4.871529
4.863529
4.875763
4.871268
4.874977
4.874010
4.880173
4.855090
4.877170
4.888597
4.869851
4.873906
4.899583
4.847168
4.885225
4.846003
4.835434
4.867210
4.876161
4.876690
4.866437
4.872804
4.857095
4.856476
4.874203
4.868983
4.887899
4.870691
4.884917
4.891266
4.858179
4.887389
4.850781
4.852005
4.868647
4.876968
4.885201
4.851150
4.883111
4.843929
4.871639
4.855740
4.857416
4.861509
4.870478
4.888029
4.854480
4.890637
4.865531
4.863493
4.875550
4.865697
4.859673
4.885539
4.865004
4.880872
4.866198
4.878666
4.846539
4.856481
4.870599
4.897315
4.870832
4.903379
4.876150
4.881517
4.895150
4.869328
4.870662
4.882591
4.880425
4.852689
4.869489
4.880375
4.870134
4.874296
4.865258
4.902982
4.860336
4.879267
4.870976
4.867555
4.898717
4.862492
4.879518
4.873635
4.877200
4.858149
4.862951
4.868912
4.893344
4.881046
4.871188
4.884787
4.886047
4.872646
4.868105
4.876204
4.890019
4.882012
4.882188
4.855622
4.839682
4.854429
4.880028
4.876855
4.864664
4.883769
4.898441
4.868308
4.868663
4.845655
4.839538
4.858160
4.879543
4.902406
4.887311
4.871131
4.845603
4.872295
4.876353
4.891784
4.848035
4.893200
4.837337
4.891548
4.896811
4.880421
4.848870
4.891069
4.903476
4.847682
4.848745
4.863481
4.888387
4.879696
4.879829
4.856580
4.866491
4.845495
4.862106
4.856590
4.820259
4.882033
4.876425
4.871320
4.867018
4.862922
4.883762
4.851828
4.867029
4.855515
4.905363
4.881201
4.875475
4.866783
4.884443
4.872744
4.853640
4.857537
4.878634
4.837397
4.846612
4.874891
4.891977
4.858995
4.878758
4.855134
4.860229
4.882754
4.852037
4.881732
4.860500
4.888315
4.887549
4.875667
4.885113
4.864657
4.894056
4.845861
4.860107
4.856146
4.896965
4.844126
4.854190
4.876456
4.873189
4.880328
4.870908
4.870310
4.887597
4.877395
4.879736
4.865377
4.868363
4.868158
4.870923
4.875739
4.870623
4.895929
4.871651
4.866244
4.852981
4.878507
4.864832
4.859778
4.865061
4.870144
4.852809
4.888615
4.837569
4.874167
4.867256
4.854506
4.886889
4.851319
4.876204
4.863027
4.869117
4.870310
4.870151
4.845333
4.898218
4.873631
4.857379
4.869869
4.876210
4.866919
4.857100
4.861205
4.920762
4.863068
4.869307
4.857228
4.882963
4.876910
4.877234
4.860949
4.870296
4.865195
4.889189
4.865557
4.878641
4.872709
4.874698
4.891471
4.865361
4.868041
4.874840
4.894442
4.860352
4.886363
4.859833
4.858612
4.873704
4.872397
4.896927
4.880529
4.877611
4.860072
4.893057
4.876298
4.909031
4.887609
4.870819
4.870204
4.885983
4.853668
4.895268
4.868255
4.853448
4.877084
4.857555
4.865651
4.844416
4.874694
4.878379
4.868403
4.858301
4.871630
4.886145
4.868330
4.901629
4.884514
4.885270
4.880491
4.866327
4.879554
4.874402
4.891916
4.870976
4.860700
4.884885
4.877270
4.889307
4.880562
4.877163
4.851314
4.868972
4.882190
4.867119
4.864620
4.868371
4.864201
4.880350
4.889019
4.888877
4.890259
4.870395
4.869984
4.890882
4.842797
4.857117
4.888360
4.878231
4.869669
4.859591
4.877819
4.876194
4.862514
4.863869
4.848843
4.872527
4.837680
4.861734
4.886907
4.856686
4.858906
4.874449
4.876119
4.854512
4.876532
4.864210
4.895045
4.862474
4.870908
4.865950
4.861947
4.850805
4.876071
4.888750
4.880381
4.894033
4.877550
4.865185
4.889341
4.915460
4.888629
4.910788
4.889047
4.840909
4.874260
4.864046
4.887675
4.874267
4.852077
4.881498
4.868273
4.889222
4.859213
4.868150
4.874879
4.917010
4.893442
4.866208
4.881157
4.867541
4.880716
4.887106
4.888959
4.884786
4.875187
4.871016
4.863395
4.866343
4.857281
4.878729
4.863030
4.877543
4.871566
4.842428
4.868233
4.879151
4.868285
4.894106
4.864877
4.851357
4.890782
4.858871
4.876515
4.872844
4.859391
4.855684
4.883719
4.861394
4.861952
4.866074
4.897452
4.869097
4.882142
4.843469
4.892970
4.844629
4.875752
4.876514
4.900796
4.889927
4.869858
4.853037
4.893148
4.887228
4.876275
4.864434
4.874787
4.866906
4.899374
4.881012
4.884777
4.888387
4.884375
4.866621
4.869736
4.899527
4.899288
4.869881
4.903444
4.887435
4.879285
4.873110
4.876614
4.873526
4.907636
4.880301
4.868583
4.865913
4.863888
4.895657
4.856389
4.886581
4.878520
4.851876
4.882184
4.874581
4.841338
4.899423
4.860272
4.860920
4.898212
4.891796
4.883852
4.877449
4.861271
4.874672
