5000
None
0.0 0.0
4.873004
4.873341
4.872778
4.873514
4.872980
4.873309
4.873146
4.873163
4.873381
4.873435
4.873519
4.872768
4.873227
4.873149
4.873328
4.873720
4.873334
4.873540
4.873502
4.872641
4.872430
4.872475
4.872391
4.873923
4.873094
4.873093
4.873597
4.873105
4.873434
4.872810
4.873109
4.873310
4.873293
4.873062
4.873261
4.872646
4.872759
4.872506
4.872752
4.872672
4.872764
4.873056
4.873204
4.872931
4.872751
4.873762
4.872617
4.872546
4.873110
4.873579
4.873059
4.873108
4.873555
4.872873
4.872414
4.873452
4.872568
4.873809
4.872801
4.872996
4.873195
4.872904
4.872931
4.872955
4.873186
4.872665
4.872999
4.873263
4.873219
4.872922
4.873115
4.872910
4.872970
4.873136
4.873386
4.873037
4.873672
4.873855
4.872953
4.873329
4.872986
4.872610
4.873308
4.873018
4.873422
4.873230
4.873200
4.873103
4.872840
4.872922
4.872994
4.873102
4.873613
4.873417
4.873582
4.873103
4.872425
4.873100
4.872584
4.872654
4.872641
4.873293
4.873038
4.872354
4.872897
4.872216
4.872732
4.872302
4.872749
4.873204
4.872442
4.872993
4.873018
4.873228
4.873565
4.872713
4.873000
4.872796
4.873442
4.872820
4.873284
4.873403
4.872854
4.872902
4.872944
4.873090
4.873342
4.873102
4.872970
4.873108
4.873344
4.873419
4.873240
4.872327
4.873554
4.872335
4.872830
4.873174
4.873094
4.872642
4.872916
4.873785
4.873486
4.872786
4.872981
4.872946
4.872722
4.873200
4.872924
4.872903
4.873318
4.872915
4.872945
4.873000
4.872840
4.872556
4.873179
4.873048
4.872608
4.873117
4.873084
4.873268
4.872900
4.872833
4.872640
4.873008
4.873203
4.872923
4.873227
4.872926
4.872973
4.872721
4.872844
4.873253
4.873012
4.873345
4.873147
4.873184
4.872874
4.873332
4.872429
4.873086
4.872836
4.873250
4.873138
4.872700
4.873564
4.872972
4.873181
4.873441
4.873775
4.873190
4.873349
4.872307
4.872192
4.873095
4.873171
4.872743
4.873736
4.873465
4.872543
4.873056
4.873094
4.873446
4.872930
4.872725
4.873231
4.873290
4.872856
4.872860
4.873578
4.873367
4.872784
4.872681
4.872857
4.873060
4.873505
4.873435
4.873339
4.873644
4.872668
4.873357
4.872560
4.872610
4.872777
4.873340
4.872640
4.873093
4.873115
4.873344
4.872839
4.872452
4.873631
4.873395
4.873178
4.873013
4.872957
4.873014
4.873304
4.872254
4.873191
4.873466
4.872432
4.873236
4.873134
4.873401
4.873948
4.873111
4.873413
4.873317
4.872837
4.872995
4.872993
4.873260
4.873072
4.872807
4.872984
4.873384
4.873080
4.872878
4.873153
4.873344
4.873209
4.873516
4.872798
4.873074
4.872944
4.872307
4.873318
4.873150
4.872706
4.873103
4.873246
4.873034
4.872969
4.872500
4.873393
4.873250
4.873279
4.873696
4.873125
4.872724
4.873137
4.873221
4.872644
4.872869
4.872901
4.872836
4.872978
4.873387
4.873541
4.873134
4.873345
4.872993
4.873379
4.872903
4.873151
4.873305
4.872978
4.873217
4.873145
4.872792
4.872879
4.873218
4.873062
4.873609
4.872876
4.873124
4.873287
4.872733
4.872869
4.873310
4.873189
4.873043
4.873428
4.873209
4.873212
4.873748
4.873387
4.872544
4.873174
4.872801
4.873187
4.872218
4.873437
4.872727
4.873208
4.873496
4.873293
4.872876
4.872624
4.872830
4.873459
4.872956
4.872841
4.873538
4.872688
4.873348
4.873431
4.873070
4.872741
4.873023
4.873243
4.872582
4.872645
4.873637
4.872930
4.873281
4.872472
4.873415
4.872927
4.873118
4.872775
4.873551
4.873125
4.872828
4.872683
4.872698
4.873225
4.873096
4.872813
4.873015
4.873226
4.872818
4.873183
4.872417
4.872473
4.873176
4.873081
4.873215
4.872826
4.873441
4.873162
4.872786
4.873139
4.873274
4.872880
4.873705
4.873070
4.873045
4.873046
4.872931
4.872670
4.873118
4.873140
4.872560
4.873001
4.873090
4.872830
4.873151
4.873204
4.872891
4.873025
4.873421
4.872754
4.873099
4.872440
4.872486
4.872291
4.872845
4.873059
4.872887
4.872328
4.873514
4.872963
4.873203
4.872893
4.873430
4.872806
4.872683
4.873115
4.873024
4.873122
4.873377
4.872799
4.873166
4.872990
4.872718
4.873523
4.872981
4.873590
4.873450
4.873039
4.873039
4.873442
4.872907
4.872843
4.873794
4.873623
4.872903
4.873787
4.872662
4.873026
4.872722
4.872916
4.872823
4.872793
4.872648
4.872962
4.873062
4.872726
4.873690
4.873036
4.872616
4.873053
4.873387
4.873124
4.873117
4.873015
4.872975
4.872871
4.873048
4.872836
4.872917
4.873295
4.873609
4.873091
4.873084
4.873898
4.873051
4.873314
4.872740
4.873447
4.873189
4.873497
4.873674
4.872989
4.872967
4.873125
4.872871
4.873153
4.872810
4.873403
4.872589
4.873683
4.873204
4.873228
4.873079
4.873277
4.872852
4.872883
4.872932
4.872973
4.872714
4.872720
4.873016
4.873028
4.873242
4.872939
4.873259
4.873037
4.873044
4.873055
4.872580
4.873478
4.873097
4.873652
4.872436
4.872922
4.872719
4.873314
4.872781
4.873711
4.873428
4.872915
4.873169
4.873029
4.873095
4.873711
4.873139
4.873056
4.872861
4.873238
4.872819
4.873330
4.872950
4.872768
4.873328
4.872843
4.873548
4.872606
4.873695
4.873011
4.873221
4.873370
4.872554
4.872917
4.872594
4.872919
4.872852
4.873153
4.873235
4.873597
4.873212
4.873654
4.873408
4.872804
4.873345
4.873089
4.873003
4.873383
4.873338
4.872656
4.873335
4.872827
4.872830
4.873336
4.873032
4.872793
4.872475
4.872682
4.873166
4.872937
4.873070
4.873272
4.873414
4.873561
4.873387
4.873375
4.872781
4.872667
4.873050
4.873483
4.872886
4.873259
4.872429
4.872964
4.873480
4.873240
4.872680
4.873296
4.873196
4.872574
4.873421
4.872444
4.872908
4.872763
4.872977
4.873257
4.873198
4.873429
4.873390
4.872743
4.873130
4.872729
4.873311
4.873453
4.872835
4.873442
4.872835
4.873338
4.873366
4.873215
4.872529
4.873430
4.872941
4.872780
4.872791
4.872547
4.873380
4.873298
4.873065
4.873860
4.873092
4.873452
4.873050
4.872893
4.872918
4.873376
4.872914
4.873111
4.873132
4.873614
4.872155
4.873226
4.872928
4.873322
4.873107
4.872273
4.873136
4.873135
4.873448
4.872563
4.873011
4.872291
4.873720
4.872516
4.872733
4.873176
4.872741
4.873055
4.872911
4.873136
4.873222
4.873167
4.873511
4.873066
4.872518
4.872642
4.872929
4.873315
4.873227
4.873171
4.873238
4.872474
4.873567
4.873387
4.873588
4.873377
4.873199
4.873050
4.872471
4.872621
4.872653
4.873070
4.873090
4.873401
4.872918
4.872890
4.873179
4.872676
4.872874
4.872924
4.873665
4.872789
4.872998
4.872824
4.872911
4.873092
4.872535
4.872950
4.873072
4.872857
4.873223
4.872794
4.873161
4.873176
4.873168
4.872838
4.873036
4.872915
4.873304
4.873081
4.873294
4.873143
4.873293
4.872576
4.872493
4.873236
4.872638
4.872941
4.872732
4.872565
4.873062
4.873167
4.873166
4.873432
4.872717
4.873536
4.873039
4.873126
4.873235
4.873435
4.873379
4.873219
4.873298
4.873546
4.873339
4.873012
4.873214
4.872790
4.873265
4.873452
4.873233
4.872992
4.873552
4.873884
4.872902
4.872462
4.872590
4.873131
4.873140
4.872717
4.872804
4.873103
4.873204
4.873299
4.873417
4.872687
4.873432
4.873320
4.872939
4.872491
4.873308
4.872666
4.872966
4.872930
4.873175
4.873301
4.872806
4.872729
4.872955
4.873299
4.872796
4.872865
4.873399
4.873318
4.873067
4.872494
4.872589
4.872829
4.872766
4.873226
4.873924
4.873161
4.873385
4.873076
4.873052
4.873364
4.872914
4.873357
4.873289
4.872330
4.873443
4.872989
4.873396
4.873192
4.873263
4.873134
4.873034
4.873150
4.873071
4.873123
4.872605
4.873852
4.872634
4.873627
4.872648
4.873344
4.873280
4.873295
4.873059
4.872803
4.872942
4.873091
4.872397
4.872859
4.872981
4.873131
4.873008
4.873011
4.872809
4.872684
4.872931
4.872883
4.872630
4.873805
4.873004
4.873465
4.872990
4.873246
4.872702
4.873218
4.873352
4.873338
4.872013
4.872962
4.873289
4.873729
4.873643
4.873017
4.872904
4.872655
4.872829
4.873197
4.873080
4.873060
4.873300
4.873264
4.873583
4.873382
4.873057
4.872564
4.873088
4.872435
4.872781
4.873027
4.873456
4.873070
4.873005
4.872689
4.873332
4.872921
4.873523
4.872946
4.873145
4.873044
4.873249
4.873122
4.872733
4.873031
4.872890
4.873245
4.872976
4.872791
4.872970
4.873320
4.873309
4.873212
4.873378
4.872668
4.872890
4.872699
4.872598
4.873010
4.873324
4.873077
4.873334
4.873713
4.872979
4.873141
4.873332
4.873672
4.873469
4.872718
4.873291
4.873273
4.872722
4.872868
4.872721
4.873248
4.873335
4.872371
4.873233
4.873607
4.874199
4.872908
4.873007
4.872883
4.873306
4.872946
4.872801
4.872914
4.872349
4.873281
4.873123
4.873409
4.872688
4.873130
4.873334
4.873209
4.873536
4.873417
4.873227
4.872790
4.872933
4.873126
4.873123
4.873176
4.873090
4.872790
4.872952
4.873099
4.873076
4.873106
4.873632
4.872628
4.873209
4.872662
4.873186
4.873419
4.873127
4.873031
4.873153
4.873218
4.872920
4.873021
4.873180
4.872821
4.872795
4.872935
4.872778
4.872596
4.873196
4.873091
4.873429
4.872893
4.872828
4.873089
4.873299
4.872924
4.873170
4.872818
4.872682
4.873097
4.873038
4.872994
4.872709
4.872756
4.873020
4.872692
4.873417
4.872837
4.872999
4.873168
4.872945
4.873422
4.873644
4.873087
4.873536
4.872625
4.872696
4.873413
4.873135
4.873242
4.872790
4.872835
4.873349
4.873256
4.872761
4.872974
4.873307
4.872757
4.873229
4.872692
4.872757
4.872649
4.872979
4.873284
4.873729
4.872878
4.873569
4.873919
4.873412
4.873197
4.873446
4.872889
4.872586
4.872734
4.872380
4.873588
4.873388
4.873415
4.872959
4.872814
4.872845
4.872924
4.872483
4.873131
4.872711
4.873451
4.873360
4.872873
4.873299
4.873083
4.872885
4.873925
4.872717
4.873080
4.872430
4.873700
4.873245
4.873145
4.872890
4.873187
4.873213
4.873045
4.872787
4.873134
4.873111
4.872781
4.872587
4.873231
4.873108
4.873010
4.873268
4.872888
4.872365
4.873526
4.872984
4.872608
4.872835
4.873366
4.873764
4.872862
4.873208
4.873350
4.872831
4.872808
4.873035
4.872813
4.872559
4.872994
4.874112
4.872773
4.873227
4.872448
4.872923
4.873236
4.873062
4.872832
4.872854
4.873259
4.872920
4.872796
4.873101
4.873216
4.872934
4.872850
4.872753
4.873431
4.873226
4.872748
4.873435
4.872783
4.873058
4.872815
4.873107
4.873730
4.873013
4.873335
4.873232
4.872434
4.873610
4.873734
4.872997
4.873122
4.872924
4.873328
4.873673
4.872763
4.872994
4.872534
4.873554
4.873230
4.873085
4.872524
4.873097
4.873173
4.872464
4.873517
4.873205
4.873122
4.873194
4.873037
4.873359
4.873326
4.872669
4.873594
4.872888
4.873169
4.872889
4.873207
4.873281
4.873243
4.872737
4.872498
4.873579
4.873474
4.873426
4.872665
4.872801
4.872868
4.872369
4.873103
4.873050
4.872483
4.872948
4.872821
4.873389
4.872900
4.873792
4.873289
4.872181
4.873032
4.872658
4.873195
4.872923
4.873181
4.873306
4.873535
4.873101
4.872744
4.873086
4.873136
4.873014
4.873194
4.873078
4.872437
4.873168
4.873556
4.872792
4.873177
4.873075
4.872814
4.873157
4.873043
4.873579
4.873152
4.873022
4.872704
4.873008
4.872877
4.873366
4.873625
4.872488
4.872781
4.872390
4.872815
4.873088
4.873112
4.872674
4.873076
4.873495
4.872878
4.872611
4.872719
4.874024
4.872415
4.872867
4.873644
4.872910
4.872946
4.873041
4.872695
4.873260
4.873218
4.872869
4.873276
4.872928
4.873481
4.872608
4.873826
4.872673
4.872870
4.873187
4.873189
4.873291
4.873456
4.872957
4.872864
4.872770
4.872885
4.873322
4.873329
4.872717
4.873384
4.873433
4.873120
4.873120
4.872806
4.873246
4.873089
4.873070
4.872982
4.873401
4.872631
4.873195
4.873378
4.872886
4.873141
4.873000
4.872789
4.872976
4.872617
4.872913
4.873094
4.873370
4.872689
4.873176
4.873278
4.872693
4.873687
4.873920
4.872645
4.873056
4.873405
4.873267
4.873216
4.873138
4.872764
4.873242
4.873023
4.872773
4.873037
4.873093
4.873316
4.872580
4.873130
4.873163
4.873192
4.872828
4.873222
4.873131
4.872407
4.873268
4.873647
4.872805
4.873239
4.873600
4.872753
4.872685
4.873241
4.872990
4.873578
4.873209
4.873244
4.873178
4.872975
4.873546
4.872754
4.872792
4.873774
4.873444
4.872899
4.872778
4.873845
4.872815
4.873231
4.873150
4.872741
4.873094
4.872811
4.873394
4.872638
4.872382
4.872493
4.873145
4.873492
4.873004
4.873010
4.873004
4.872587
4.872765
4.873089
4.873040
4.872845
4.873178
4.872756
4.873119
4.872875
4.872544
4.872709
4.873008
4.873059
4.873035
4.873130
4.872698
4.872971
4.873182
4.872919
4.873337
4.872923
4.873058
4.873414
4.873242
4.873130
4.872508
4.873060
4.873023
4.873428
4.872998
4.872971
4.872946
4.872702
4.873077
4.872537
4.873456
4.873360
4.873281
4.872417
4.873073
4.873033
4.873050
4.873114
4.873251
4.873011
4.872806
4.872890
4.873214
4.872694
4.873482
4.873077
4.872935
4.873200
4.874086
4.873231
4.872895
4.872810
4.873613
4.872916
4.872723
4.873470
4.872674
4.873051
4.873438
4.873470
4.873396
4.872857
4.873179
4.873134
4.872848
4.872561
4.873171
4.873334
4.873155
4.873537
4.873518
4.872768
4.873219
4.872201
4.873408
4.873185
4.872556
4.872982
4.873165
4.872981
4.872828
4.873062
4.873355
4.873504
4.873077
4.872529
4.873328
4.873236
4.872961
4.873000
4.873428
4.873189
4.872635
4.873200
4.872742
4.872785
4.873648
4.873180
4.872434
4.873400
4.873583
4.873212
4.872777
4.872455
4.873189
4.873520
4.872907
4.873062
4.873291
4.872899
4.872780
4.873473
4.873596
4.873111
4.873260
4.873077
4.873039
4.873161
4.871874
4.873331
4.873095
4.872976
4.873185
4.873009
4.873051
4.872384
4.873406
4.873073
4.873447
4.873109
4.872604
4.872859
4.872740
4.872822
4.872986
4.872677
4.872651
4.874027
4.873556
4.873279
4.873467
4.873292
4.873401
4.872999
4.873417
4.873094
4.872891
4.872774
4.872941
4.873106
4.873249
4.873657
4.873282
4.873277
4.873694
4.872911
4.873389
4.873505
4.872994
4.872179
4.872751
4.873143
4.873201
4.873140
4.873270
4.872974
4.873502
4.873105
4.873482
4.872731
4.872703
4.873114
4.872936
4.872447
4.872700
4.871960
4.873436
4.873572
4.873500
4.872800
4.873148
4.873181
4.872821
4.872831
4.873359
4.873305
4.872642
4.873323
4.873358
4.872754
4.872713
4.872588
4.872650
4.872845
4.873430
4.872863
4.872547
4.873139
4.873205
4.873217
4.872998
4.872930
4.873407
4.872655
4.872843
4.872839
4.873166
4.873054
4.873106
4.872988
4.873219
4.873041
4.873540
4.872981
4.872689
4.872336
4.872929
4.873547
4.872695
4.873397
4.872977
4.872632
4.872747
4.873079
4.873155
4.872521
4.873038
4.872924
4.872585
4.873178
4.872853
4.872965
4.872336
4.873088
4.872872
4.873700
4.873564
4.872951
4.873361
4.872884
4.872942
4.873419
4.872708
4.873420
4.873292
4.872739
4.873008
4.873110
4.872951
4.873288
4.872976
4.873224
4.873595
4.873169
4.873118
4.873026
4.873686
4.872897
4.872967
4.873712
4.873450
4.873054
4.872993
4.872748
4.872939
4.873390
4.873202
4.872955
4.873069
4.873189
4.872804
4.873178
4.872738
4.872738
4.872988
4.872866
4.872892
4.873130
4.873364
4.873130
4.873175
4.872308
4.873395
4.873101
4.873218
4.872556
4.872770
4.872641
4.873241
4.873235
4.872211
4.873080
4.872600
4.873144
4.872558
4.873270
4.872750
4.873324
4.873270
4.873335
4.873323
4.872870
4.873327
4.873204
4.873196
4.873572
4.872938
4.873474
4.872845
4.872812
4.872516
4.872970
4.872815
4.873207
4.872792
4.872440
4.873314
4.872903
4.872963
4.872919
4.873170
4.873218
4.872652
4.872546
4.873314
4.873259
4.873205
4.873623
4.873172
4.873319
4.872683
4.873132
4.872827
4.873279
4.873077
4.873031
4.873152
4.872591
4.873072
4.873027
4.873448
4.873011
4.873038
4.872883
4.873300
4.872841
4.872758
4.873054
4.873056
4.873343
4.873148
4.872914
4.873466
4.873580
4.872980
4.873313
4.872628
4.873405
4.873106
4.873272
4.872715
4.872700
4.873550
4.873579
4.873625
4.873017
4.873359
4.872929
4.873125
4.873016
4.873170
4.873186
4.873533
4.872954
4.872279
4.872940
4.872793
4.873100
4.873954
4.872784
4.872720
4.873404
4.872627
4.872807
4.872362
4.873324
4.873045
4.873161
4.872836
4.873634
4.873075
4.873009
4.873030
4.873340
4.873169
4.873077
4.872825
4.872968
4.872787
4.873061
4.873366
4.873328
4.872886
4.873378
4.872488
4.872954
4.873287
4.872798
4.873499
4.873047
4.872975
4.873017
4.873214
4.873479
4.873474
4.872951
4.872838
4.873008
4.872822
4.872603
4.872835
4.873477
4.872533
4.873076
4.873368
4.873922
4.873511
4.872688
4.873073
4.872934
4.872975
4.872575
4.873554
4.873628
4.873362
4.873239
4.873449
4.872896
4.873613
4.873246
4.873674
4.872912
4.873396
4.872933
4.873235
4.872811
4.873254
4.873255
4.872838
4.872915
4.873664
4.872713
4.872967
4.872833
4.873093
4.873553
4.873002
4.873191
4.872250
4.872292
4.873226
4.872724
4.872699
4.872670
4.872392
4.872732
4.873228
4.872968
4.872980
4.873014
4.873136
4.872906
4.872612
4.873431
4.872884
4.872980
4.873330
4.872403
4.873640
4.873003
4.872761
4.873769
4.873241
4.873331
4.872905
4.872581
4.872961
4.872990
4.872813
4.872636
4.873125
4.872620
4.873319
4.873307
4.873738
4.872763
4.872945
4.873219
4.872391
4.873005
4.873124
4.872632
4.873380
4.873065
4.872867
4.873097
4.872903
4.872673
4.873373
4.872558
4.873255
4.873181
4.872646
4.872588
4.873140
4.872424
4.872924
4.872495
4.873063
4.872385
4.872895
4.873162
4.872255
4.872723
4.873487
4.873046
4.873127
4.873308
4.873356
4.872797
4.873123
4.873474
4.872815
4.873249
4.873075
4.873874
4.872968
4.872449
4.873586
4.873500
4.872878
4.873877
4.873166
4.872614
4.873018
4.872874
4.872794
4.873065
4.872555
4.873337
4.873386
4.872668
4.872946
4.873829
4.873521
4.873553
4.873588
4.873286
4.872735
4.873535
4.873414
4.872874
4.872958
4.872462
4.871817
4.873784
4.872738
4.873146
4.873207
4.873016
4.873039
4.873091
4.872535
4.873219
4.873269
4.872978
4.872856
4.873147
4.872900
4.873435
4.872844
4.873022
4.873273
4.873266
4.873252
4.873546
4.873259
4.872483
4.873292
4.872936
4.873066
4.872758
4.872839
4.873092
4.872995
4.872831
4.872630
4.874017
4.872853
4.873102
4.873234
4.873795
4.872885
4.873308
4.872578
4.873498
4.873126
4.872970
4.873450
4.873090
4.873328
4.872985
4.872929
4.872917
4.873178
4.872849
4.872937
4.872964
4.872968
4.872720
4.873188
4.873479
4.873056
4.873157
4.873689
4.872886
4.873350
4.873350
4.873214
4.873556
4.872659
4.872725
4.873080
4.873573
4.873004
4.872813
4.872507
4.873095
4.872824
4.872896
4.873549
4.872971
4.873099
4.873134
4.873082
4.873327
4.873329
4.873265
4.872971
4.872725
4.873331
4.873596
4.873100
4.873162
4.873329
4.872720
4.873852
4.873025
4.873139
4.873789
4.872912
4.872747
4.873330
4.872472
4.873380
4.872856
4.873309
4.873019
4.873553
4.873079
4.873052
4.872994
4.872452
4.873037
4.872853
4.873109
4.872212
4.872875
4.872843
4.872767
4.873242
4.873073
4.873555
4.872952
4.873073
4.873191
4.872930
4.873264
4.872878
4.872609
4.873147
4.873126
4.873390
4.872612
4.873079
4.872953
4.872909
4.872608
4.873112
4.872473
4.873019
4.873468
4.873302
4.873253
4.873040
4.873089
4.873243
4.872993
4.873028
4.873443
4.872732
4.872886
4.873031
4.873691
4.873214
4.872918
4.873548
4.871789
4.872768
4.873666
4.872557
4.872632
4.873208
4.873045
4.873015
4.872777
4.873240
4.873123
4.873065
4.872702
4.872145
4.872378
4.873573
4.872761
4.872705
4.872514
4.873264
4.872941
4.873696
4.873579
4.873348
4.873230
4.873093
4.872740
4.873060
4.873428
4.873062
4.873550
4.873112
4.873393
4.873127
4.873572
4.873409
4.872511
4.872363
4.873268
4.873393
4.873268
4.873543
4.873369
4.872960
4.872602
4.873187
4.872663
4.873329
4.872974
4.872542
4.873024
4.873154
4.873420
4.872719
4.873189
4.872819
4.872797
4.873061
4.873260
4.873152
4.872829
4.873173
4.873595
4.873351
4.872425
4.873080
4.873021
4.873020
4.873028
4.873191
4.873437
4.873122
4.872548
4.873119
4.872788
4.873723
4.873404
4.873233
4.872904
4.873271
4.873039
4.873269
4.872832
4.872570
4.873149
4.872738
4.873598
4.873172
4.872400
4.873636
4.873367
4.872787
4.872852
4.873455
4.872975
4.873127
4.872605
4.872918
4.872587
4.872845
4.873237
4.873115
4.872877
4.873734
4.872268
4.873238
4.872435
4.872472
4.873142
4.873108
4.872902
4.872700
4.872633
4.872797
4.872661
4.873369
4.873127
4.873353
4.873344
4.872606
4.873505
4.872901
4.873336
4.872851
4.872286
4.872685
4.873265
4.873459
4.872669
4.872540
4.873206
4.872440
4.873478
4.873226
4.873053
4.873147
4.872460
4.873377
4.872877
4.873015
4.872922
4.872760
4.873037
4.872763
4.872915
4.873395
4.872611
4.872842
4.873203
4.872889
4.872947
4.873128
4.872792
4.872703
4.872550
4.873165
4.873275
4.873327
4.873365
4.873101
4.873680
4.873085
4.873186
4.872810
4.873373
4.872802
4.873751
4.872512
4.872733
4.873349
4.872986
4.872947
4.872994
4.873193
4.873313
4.872909
4.872978
4.873471
4.872858
4.872662
4.873132
4.873711
4.872840
4.873570
4.872987
4.873047
4.872342
4.873095
4.873190
4.873135
4.873071
4.873064
4.873706
4.873524
4.872656
4.873468
4.872815
4.873346
4.872539
4.873043
4.873345
4.873356
4.872868
4.873188
4.872533
4.872783
4.873016
4.872943
4.872810
4.872738
4.873301
4.872919
4.872860
4.872762
4.872388
4.873085
4.872804
4.873330
4.872471
4.873123
4.873506
4.873281
4.872981
4.872826
4.873053
4.873394
4.873226
4.872954
4.872824
4.873099
4.872672
4.872730
4.872755
4.873117
4.872861
4.872871
4.873303
4.873125
4.873181
4.872903
4.873010
4.872675
4.873305
4.872818
4.872859
4.872735
4.872764
4.873117
4.873655
4.872979
4.873548
4.872953
4.872846
4.873596
4.872942
4.872635
4.872810
4.873382
4.873027
4.872715
4.873147
4.872789
4.872836
4.872738
4.872843
4.872914
4.873221
4.873511
4.872956
4.872876
4.872740
4.872796
4.872791
4.873805
4.872714
4.873369
4.872258
4.873302
4.873302
4.873231
4.873632
4.873084
4.873033
4.873180
4.872828
4.873163
4.872876
4.872844
4.873069
4.873446
4.873494
4.872922
4.873523
4.873445
4.872984
4.873419
4.873279
4.873590
4.873209
4.872853
4.872678
4.872687
4.872831
4.873260
4.873020
4.872845
4.873261
4.872974
4.872696
4.872802
4.872941
4.873049
4.873375
4.873499
4.872671
4.872234
4.872857
4.872937
4.873620
4.872983
4.873062
4.873378
4.872829
4.873296
4.873184
4.873734
4.872436
4.873073
4.872586
4.873116
4.872690
4.872978
4.872974
4.873417
4.872888
4.872957
4.873025
4.873755
4.872645
4.872705
4.873539
4.873239
4.873068
4.872633
4.872766
4.873192
4.872665
4.872734
4.872777
4.872755
4.873244
4.872728
4.873271
4.872930
4.873616
4.872734
4.873252
4.873636
4.872689
4.873074
4.873493
4.873429
4.872793
4.873034
4.873125
4.872671
4.873108
4.873071
4.873013
4.872504
4.873248
4.872988
4.873000
4.873057
4.873260
4.872473
4.873101
4.872984
4.873588
4.873095
4.872884
4.873540
4.873221
4.873182
4.873184
4.872894
4.872790
4.872927
4.873526
4.873345
4.872839
4.872937
4.872990
4.872459
4.873023
4.872847
4.872593
4.872638
4.873015
4.873072
4.872932
4.872564
4.872986
4.874005
4.872858
4.873216
4.873459
4.873487
4.873234
4.873662
4.873200
4.872769
4.873045
4.873215
4.872493
4.872760
4.872728
4.873569
4.872847
4.873613
4.872318
4.872237
4.873018
4.872601
4.873437
4.872853
4.873068
4.873332
4.872881
4.872816
4.872831
4.872459
4.873336
4.873740
4.873116
4.872932
4.873222
4.873089
4.873048
4.872929
4.872812
4.872943
4.873406
4.873310
4.873066
4.872849
4.873082
4.872784
4.872745
4.872882
4.873236
4.873568
4.873015
4.873118
4.873341
4.872981
4.873088
4.872957
4.872297
4.873232
4.872881
4.873307
4.873028
4.873584
4.872893
4.873251
4.873325
4.872940
4.873235
4.873337
4.872821
4.872844
4.872727
4.873260
4.873105
4.872774
4.872989
4.872534
4.872874
4.872408
4.873266
4.872777
4.872877
4.873630
4.873374
4.873532
4.872923
4.872883
4.872896
4.873436
4.873110
4.873240
4.873037
4.872782
4.873016
4.873449
4.873272
4.872721
4.873266
4.873747
4.873116
4.873234
4.872796
4.872675
4.873729
4.872762
4.873215
4.873066
4.872929
4.873450
4.873154
4.873242
4.873357
4.873008
4.873145
4.873163
4.873215
4.873218
4.872705
4.873861
4.873338
4.873418
4.873539
4.872782
4.872968
4.873424
4.873581
4.873233
4.873292
4.873358
4.873301
4.872294
4.873645
4.872402
4.872873
4.873167
4.872976
4.873349
4.873470
4.873290
4.873299
4.873443
4.872871
4.872910
4.873450
4.873161
4.873836
4.873104
4.872802
4.873278
4.873542
4.873349
4.872916
4.873739
4.873018
4.872957
4.873166
4.872838
4.872771
4.872774
4.873179
4.873614
4.873137
4.873255
4.873891
4.872651
4.872980
4.873049
4.873310
4.873239
4.872602
4.873048
4.872468
4.872891
4.873516
4.873538
4.872964
4.872831
4.872204
4.873385
4.873453
4.873343
4.872431
4.872471
4.872779
4.872926
4.873071
4.872397
4.872488
4.872674
4.873369
4.872237
4.873248
4.873143
4.872996
4.873561
4.872781
4.872817
4.873543
4.873269
4.872728
4.873135
4.873123
4.873107
4.873325
4.872855
4.872897
4.873194
4.872893
4.873233
4.872771
4.872863
4.873477
4.873052
4.873405
4.872511
4.872895
4.872765
4.872892
4.872978
4.872627
4.873042
4.873375
4.873278
4.872643
4.873258
4.873558
4.872993
4.872432
4.872650
4.873427
4.872782
4.873124
4.873329
4.873809
4.872960
4.873313
4.873670
4.873382
4.872996
4.873132
4.872875
4.873109
4.873231
4.873279
4.872849
4.872820
4.872914
4.872883
4.873021
4.872914
4.872646
4.873383
4.873469
4.873147
4.872760
4.873509
4.872933
4.872428
4.873261
4.872560
4.872705
4.872933
4.872486
4.873163
4.873335
4.873058
4.872755
4.873024
4.872381
4.872809
4.872249
4.872599
4.873510
4.873567
4.873349
4.873274
4.873039
4.873327
4.873059
4.872882
4.872774
4.872903
4.872947
4.873033
4.873236
4.873284
4.873364
4.873131
4.873470
4.873227
4.873970
4.872570
4.873543
4.873016
4.873190
4.872837
4.872466
4.873320
4.872760
4.872865
4.873249
4.873181
4.873069
4.873062
4.873118
4.873046
4.873352
4.873463
4.873276
4.873040
4.873102
4.873512
4.872330
4.872786
4.873175
4.872638
4.873046
4.873561
4.872567
4.873219
4.873189
4.873199
4.873246
4.872962
4.872502
4.872931
4.872856
4.872584
4.873074
4.873115
4.873853
4.873271
4.873029
4.872745
4.872754
4.873246
4.873249
4.872804
4.872952
4.872770
4.873184
4.872624
4.873365
4.872863
4.873563
4.872987
4.873033
4.873038
4.872892
4.873050
4.873051
4.873248
4.873992
4.873067
4.872877
4.872723
4.873411
4.872988
4.872721
4.873193
4.872729
4.873026
4.873031
4.872612
4.873321
4.873035
4.873182
4.872833
4.872735
4.873005
4.872429
4.873305
4.873839
4.873260
4.872702
4.872825
4.872988
4.872741
4.872950
4.873041
4.873178
4.873187
4.873215
4.872586
4.872540
4.873287
4.873111
4.873390
4.873031
4.873285
4.873277
4.872959
4.873017
4.872958
4.872616
4.873225
4.873047
4.872903
4.872900
4.872853
4.874018
4.873493
4.873003
4.873289
4.873145
4.872970
4.873550
4.873121
4.872864
4.872802
4.872832
4.872568
4.872951
4.873673
4.873122
4.872774
4.873527
4.873013
4.872997
4.873027
4.873619
4.872914
4.873374
4.872964
4.872751
4.873378
4.873488
4.873234
4.872938
4.872857
4.873265
4.873089
4.873427
4.872703
4.872233
4.873292
4.873152
4.873178
4.873265
4.873081
4.873041
4.872921
4.872717
4.872872
4.872965
4.873119
4.873184
4.873082
4.873356
4.873499
4.873072
4.872892
4.872646
4.872859
4.873273
4.873111
4.872781
4.873669
4.873015
4.873204
4.873262
4.873545
4.872899
4.873331
4.873162
4.873567
4.872250
4.873167
4.872860
4.872842
4.872964
4.873067
4.873253
4.873077
4.872890
4.873013
4.872735
4.872879
4.872921
4.873197
4.873280
4.873188
4.873224
4.873473
4.873313
4.873294
4.873012
4.872543
4.873538
4.873363
4.872808
4.873276
4.872798
4.873391
4.873451
4.872993
4.873340
4.872479
4.873346
4.872763
4.873211
4.872945
4.872812
4.873019
4.872953
4.872683
4.872751
4.872835
4.873180
4.873038
4.873363
4.872871
4.873282
4.873501
4.872699
4.872936
4.873280
4.873771
4.872741
4.872834
4.872929
4.873216
4.873680
4.872780
4.873502
4.873179
4.873324
4.873002
4.873068
4.872621
4.873596
4.872979
4.872671
4.873290
4.873179
4.873143
4.872816
4.872605
4.873065
4.873263
4.873159
4.872830
4.872995
4.873152
4.872837
4.872457
4.873103
4.872864
4.872837
4.873009
4.872633
4.873251
4.873600
4.872652
4.873750
4.873793
4.873582
4.873176
4.872939
4.872991
4.873354
4.872790
4.873103
4.873356
4.872800
4.873287
4.872884
4.872789
4.872801
4.872979
4.872913
4.872890
4.873330
4.873267
4.873080
4.872673
4.873079
4.873227
4.873220
4.872679
4.873016
4.873065
4.873195
4.872813
4.872607
4.873264
4.872545
4.872892
4.872849
4.873205
4.872806
4.873052
4.873078
4.873233
4.873127
4.872804
4.873349
4.873004
4.872978
4.873326
4.873487
4.873116
4.873124
4.872791
4.873602
4.873590
4.872997
4.873193
4.873348
4.873120
4.872746
4.873722
4.873068
4.873070
4.873352
4.872909
4.872883
4.872792
4.873301
4.873014
4.873263
4.872611
4.873247
4.873235
4.872738
4.873353
4.872754
4.872322
4.873456
4.873213
4.873380
4.872866
4.872969
4.873200
4.872957
4.872727
4.873092
4.872847
4.872763
4.873259
4.873001
4.872806
4.873152
4.873488
4.872970
4.872980
4.873018
4.873012
4.872751
4.873030
4.873003
4.873028
4.873367
4.873414
4.873421
4.873501
4.873371
4.873092
4.873172
4.873416
4.872688
4.873588
4.872966
4.873208
4.873175
4.872737
4.873196
4.872797
4.872948
4.872620
4.872688
4.873590
4.873281
4.873297
4.872711
4.872709
4.872859
4.873076
4.872909
4.874152
4.873591
4.873409
4.872525
4.873438
4.873064
4.873526
4.873662
4.872890
4.873129
4.872924
4.873138
4.872663
4.872789
4.872991
4.872869
4.873313
4.873120
4.872546
4.873307
4.873189
4.873272
4.873100
4.873092
4.873043
4.872944
4.872922
4.873551
4.873024
4.872065
4.873007
4.873199
4.873303
4.873408
4.873030
4.873060
4.872791
4.872879
4.873435
4.873248
4.872838
4.873202
4.873213
4.873064
4.873164
4.873064
4.872759
4.873057
4.873352
4.872874
4.873363
4.873005
4.872855
4.873078
4.873036
4.873065
4.872944
4.872670
4.873296
4.873327
4.873136
4.872869
4.872548
4.873396
4.873086
4.872749
4.873204
4.873179
4.872535
4.872917
4.873118
4.873336
4.872413
4.872653
4.873491
4.873345
4.873120
4.873629
4.873075
4.872817
4.873230
4.873506
4.872353
4.872945
4.873245
4.872825
4.873086
4.873705
4.872817
4.873586
4.873320
4.873375
4.872678
4.872772
4.872861
4.872937
4.873162
4.872733
4.872573
4.872652
4.872675
4.872959
4.872490
4.872927
4.872630
4.872915
4.872828
4.872623
4.873025
4.873327
4.873060
4.873134
4.873037
4.873116
4.872563
4.872989
4.872873
4.872979
4.872981
4.873167
4.872920
4.873071
4.873318
4.872978
4.873137
4.873223
4.872740
4.873034
4.872400
4.873055
4.873590
4.872961
4.873073
4.872929
4.873354
4.873462
4.873192
4.872695
4.872857
4.872887
4.872563
4.873639
4.873208
4.872868
4.872171
4.872919
4.872669
4.873459
4.872870
4.872774
4.873370
4.872662
4.873156
4.873225
4.873138
4.872929
4.873120
4.873091
4.873548
4.872609
4.872632
4.873216
4.873383
4.872692
4.872664
4.872964
4.872388
4.873163
4.872589
4.873513
4.873194
4.872530
4.872701
4.872764
4.872713
4.873713
4.872433
4.872835
4.872672
4.872762
4.872843
4.873292
4.873131
4.873933
4.872208
4.872846
4.872159
4.872651
4.873169
4.873316
4.873104
4.872752
4.873049
4.872720
4.873496
4.873031
4.873320
4.872659
4.873143
4.872789
4.873413
4.873325
4.873021
4.873870
4.873282
4.873267
4.872710
4.873545
4.873140
4.872794
4.873688
4.873708
4.872651
4.873237
4.873716
4.873378
4.873438
4.873143
4.873026
4.873358
4.872868
4.872788
4.873159
4.873077
4.872615
4.872594
4.873367
4.872663
4.872446
4.873264
4.872895
4.873157
4.873081
4.872822
4.873276
4.872762
4.872671
4.873203
4.872708
4.873024
4.872811
4.872707
4.873096
4.873092
4.872891
4.873515
4.872447
4.872517
4.872755
4.872984
4.872905
4.872730
4.873081
4.872987
4.872989
4.873256
4.873456
4.873244
4.872892
4.872643
4.873341
4.872518
4.872493
4.873360
4.872885
4.872941
4.873622
4.872697
4.873336
4.873017
4.872690
4.872898
4.873419
4.873207
4.873356
4.872833
4.872802
4.872453
4.872455
4.872835
4.873062
4.873242
4.872533
4.873346
4.872718
4.873552
4.872896
4.873018
4.873559
4.873757
4.873403
4.872739
4.872376
4.873223
4.873213
4.872903
4.873187
4.873364
4.872646
4.873297
4.872702
4.872574
4.873243
4.873574
4.873035
4.873275
4.872576
4.872881
4.873382
4.873177
4.873654
4.873419
4.872997
4.873217
4.872871
4.872803
4.873669
4.872857
4.873545
4.873004
4.872802
4.872930
4.873155
4.873152
4.873516
4.873250
4.872348
4.873304
4.872950
4.873270
4.872481
4.873310
4.872474
4.873290
4.872785
4.873232
4.872343
4.873458
4.872655
4.872783
4.873037
4.872554
4.873454
4.872942
4.872921
4.873596
4.873547
4.872446
4.873070
4.873130
4.873160
4.873154
4.873066
4.873315
4.873163
4.872920
4.872577
4.872401
4.873233
4.873085
4.873259
4.873035
4.873396
4.872909
4.873357
4.872738
4.872604
4.872999
4.873124
4.873025
4.872216
4.873088
4.873033
4.872715
4.872925
4.872520
4.872637
4.873336
4.873145
4.873569
4.872992
4.872742
4.872986
4.873013
4.873300
4.873159
4.873005
4.872964
4.873203
4.873183
4.872802
4.873156
4.872650
4.872863
4.872945
4.873315
4.872954
4.873086
4.873535
4.873253
4.872971
4.873192
4.872404
4.873518
4.873071
4.872947
4.872925
4.872098
4.872854
4.872997
4.873078
4.873035
4.872368
4.872598
4.872090
4.873055
4.872782
4.873014
4.873201
4.873448
4.872902
4.872640
4.873187
4.873085
4.873166
4.872803
4.873499
4.873040
4.872978
4.873281
4.873128
4.872672
4.873534
4.872808
4.872991
4.872945
4.873304
4.872965
4.873122
4.873121
4.873065
4.872714
4.873405
4.873176
4.873672
4.873258
4.872952
4.872673
4.873161
4.872614
4.872335
4.873048
4.873054
4.873254
4.872932
4.873416
4.873281
4.873085
4.873157
4.873201
4.872796
4.873385
4.872941
4.873298
4.873202
4.873056
4.872541
4.873228
4.873043
4.873151
4.873134
4.872832
4.873314
4.873285
4.873150
4.872822
4.873001
4.873249
4.872799
4.873012
4.873195
4.872884
4.872734
4.872901
4.872855
4.873013
4.872900
4.873470
4.873482
4.872895
4.873278
4.872816
4.872620
4.873387
4.872632
4.873815
4.873620
4.873395
4.873293
4.872890
4.872965
4.873270
4.873453
4.873189
4.872688
4.873410
4.873157
4.873207
4.872460
4.873226
4.872987
4.873144
4.872858
4.872953
4.873378
4.872830
4.873315
4.872741
4.872728
4.873413
4.873374
4.872844
4.873081
4.872894
4.873471
4.873582
4.872904
4.872986
4.872916
4.873068
4.873262
4.873082
4.873381
4.872822
4.873121
4.872731
4.873473
4.873278
4.873271
4.873623
4.873172
4.872893
4.872883
4.872503
4.873245
4.872950
4.872323
4.873169
4.873164
4.873037
4.872793
4.873580
4.872411
4.872983
4.872877
4.872903
4.873443
4.873169
4.873129
4.873492
4.872760
4.873100
4.872524
4.872878
4.873475
4.873238
4.873111
4.872904
4.873333
4.873173
4.873110
4.873452
4.873003
4.872673
4.872925
4.872667
4.872904
4.872476
4.873120
4.872641
4.872898
4.873101
4.873492
4.873669
4.873014
4.873410
4.873206
4.873061
4.873194
4.873282
4.872329
4.873395
4.873668
4.873055
4.872747
4.873800
4.873306
4.873366
4.873159
4.873109
4.873229
4.872794
4.873133
4.873396
4.873050
4.873420
4.873005
4.873502
4.873326
4.873423
4.872787
4.873220
4.873035
4.872974
4.873185
4.872937
4.873224
4.872681
4.872789
4.873307
4.873122
4.872947
4.872865
4.872717
4.873099
4.872639
4.873275
4.873497
4.872952
4.873129
4.872678
4.872757
4.872933
4.872862
4.873169
4.872939
4.872703
4.873171
4.873246
4.873290
4.873375
4.873107
4.872891
4.872994
4.872875
4.872980
4.872979
4.872476
4.872484
4.872907
4.872708
4.872955
4.873110
4.873140
4.873138
4.872569
4.873102
4.872677
4.872760
4.873350
4.872981
4.873049
4.873396
4.872714
4.873294
4.872935
4.872804
4.873115
4.872658
4.873809
4.873130
4.872927
4.873363
4.872927
4.872407
4.872706
4.873620
4.872899
4.873243
4.872764
4.872642
4.873570
4.872995
4.872926
4.872964
4.872793
4.873593
4.872795
4.873180
4.873092
4.872724
4.873211
4.872377
4.872991
4.872676
4.872598
4.873428
4.872955
4.872802
4.873322
4.873198
4.872916
4.872680
4.872971
4.873488
4.873019
4.872913
4.873032
4.872810
4.872741
4.873059
4.873240
4.873404
4.872773
4.872932
4.873413
4.872961
4.872807
4.872805
4.872803
4.872803
4.873140
4.873078
4.872969
4.872539
4.873314
4.872789
4.873161
4.872703
4.873207
4.873030
4.873884
4.873293
4.872217
4.873202
4.873041
4.873199
4.873010
4.872856
4.872500
4.872493
4.873719
4.872914
4.873114
4.873242
4.873188
4.873477
4.872466
4.872875
4.873508
4.873272
4.873095
4.872838
4.873164
4.873449
4.872862
4.873131
4.873328
4.873089
4.872910
4.873543
4.873350
4.873314
4.873291
4.873347
4.872897
4.872823
4.873488
4.872795
4.873298
4.872830
4.872968
4.872832
4.872740
4.873008
4.873196
4.873072
4.873620
4.873117
4.873337
4.872925
4.873147
4.872852
4.872964
4.872906
4.873426
4.872740
4.873157
4.873255
4.873365
4.872956
4.873540
4.872658
4.873233
4.872925
4.872973
4.872901
4.873163
4.872653
4.873203
4.872849
4.873400
4.872757
4.873592
4.873075
4.873145
4.872790
4.872801
4.873438
4.873259
4.873527
4.872805
4.872938
4.873126
4.873203
4.873550
4.873006
4.872856
4.872945
4.872922
4.873157
4.872919
4.873172
4.872776
4.872695
4.873597
4.872779
4.873290
4.873451
4.872816
4.872980
4.873314
4.873028
4.873112
4.872803
4.873253
4.873574
4.873422
4.873163
4.872891
4.872836
4.873098
4.873900
4.872755
4.873322
4.873434
4.872841
4.872895
4.872989
4.872675
4.873458
4.872654
4.873155
4.872277
4.873345
4.873887
4.873251
4.872932
4.873250
4.873162
4.873038
4.873399
4.873096
4.873007
4.873130
4.873043
4.873513
4.873214
4.873006
4.873115
4.873598
4.873377
4.873408
4.873183
4.873786
4.873082
4.872919
4.873098
4.873270
4.872463
4.872784
4.872953
4.873284
4.873374
4.873178
4.873260
4.873182
4.873267
4.873665
4.872501
4.872972
4.872566
4.873027
4.872513
4.872879
4.872759
4.873086
4.873063
4.872936
4.873182
4.873149
4.872986
4.872722
4.872667
4.873014
4.872908
4.872842
4.873474
4.872586
4.873184
4.872776
4.873615
4.872947
4.873144
4.873158
4.873164
4.873105
4.872586
4.872267
4.873134
4.872946
4.872789
4.872871
4.872960
4.873789
4.873344
4.873373
4.872934
4.872861
4.872504
4.872842
4.872886
4.873105
4.873164
4.872697
4.873285
4.873038
4.873715
4.872985
4.873110
4.872974
4.872356
4.873074
4.873152
4.872910
4.873167
4.872760
4.873312
4.873502
4.872583
4.872708
4.873114
4.872938
4.873243
4.872851
4.873235
4.873157
4.872358
4.872825
4.873207
4.873393
4.872501
4.872669
4.872556
4.872980
4.872969
4.873192
4.873192
4.873133
4.873779
4.872689
4.872983
4.872918
4.873664
4.873311
4.872686
4.873318
4.873396
4.872750
4.872950
4.872926
4.872917
4.873450
4.872865
4.873133
4.872673
4.873066
4.872855
4.872498
4.872766
4.872590
4.872843
4.873109
4.872738
4.873191
4.872801
4.873874
4.872729
4.873353
4.873719
4.872851
4.873103
4.873017
4.872774
4.873039
4.873276
4.873131
4.872889
4.872415
4.873081
4.872577
4.872462
4.873428
4.872630
4.873608
4.873065
4.872677
4.873475
4.873743
4.873298
4.872820
4.872904
4.872711
4.873209
4.872950
4.872829
4.873709
4.873158
4.873256
4.872680
4.873334
4.873632
4.873463
4.873448
4.873268
4.873213
4.872882
4.873177
4.872591
4.872821
4.872599
4.873232
4.872741
4.873581
4.873423
4.872917
4.872507
4.873005
4.873220
4.872568
4.873291
4.873122
4.872867
4.873076
4.872427
4.873223
4.873040
4.872657
4.872797
4.872728
4.873172
4.873011
4.872579
4.872599
4.873589
4.873172
4.872557
4.873084
4.872915
4.872884
4.873147
4.873903
4.872910
4.873607
4.873622
4.873255
4.872738
4.873034
4.873077
4.873358
4.872591
4.872993
4.873184
4.873270
4.872894
4.872876
4.873402
4.873055
4.872565
4.872605
4.873030
4.872953
4.872603
4.872830
4.873450
4.873439
4.873119
4.872576
4.873498
4.872810
4.873458
4.872682
4.872904
4.873323
4.872971
4.873109
4.872655
4.873419
4.873136
4.872800
4.873480
4.873268
4.873052
4.873566
4.873289
4.873240
4.872959
4.872944
4.872536
4.872382
4.873436
4.872561
4.873395
4.872713
4.872863
4.872532
4.873056
4.873171
4.873332
4.872671
4.872599
4.872923
4.872569
4.872726
4.872363
4.873028
4.872845
4.873258
4.872989
4.873049
4.873292
4.872931
4.873408
4.873462
4.872858
4.872787
4.873177
4.872863
4.873492
4.872764
4.872731
4.873277
4.872489
4.873018
4.873268
4.873301
4.873683
4.872733
4.873348
4.872696
4.873217
4.873004
4.872311
4.873327
4.873254
4.872710
4.873083
4.872657
4.873215
4.873266
4.873426
4.872969
4.872848
4.873156
4.872889
4.872837
4.873517
4.873523
4.873043
4.872976
4.872895
4.872995
4.872435
4.872580
4.873596
4.873293
4.872726
4.872757
4.873346
4.873051
4.872862
4.872796
4.872962
4.873322
4.873130
4.873652
4.872957
4.872940
4.872744
4.873599
4.873602
4.873362
4.872984
4.872705
4.873395
4.872868
4.872739
4.873428
4.873477
4.872677
4.873339
4.873254
4.873168
4.873285
4.873035
4.873628
4.872844
4.873165
4.873345
4.872400
4.872888
4.872999
4.873018
4.873090
4.873544
4.873375
4.872613
4.872984
4.872657
4.872750
4.872964
4.872532
4.873213
4.872809
4.872592
4.873237
4.873423
4.873279
4.873795
4.872991
4.873252
4.872990
4.872855
4.872472
4.873010
4.872631
4.872880
4.873031
4.872854
4.872966
4.873086
4.873314
4.872835
4.872957
4.872839
4.873684
4.873255
4.873287
4.872970
4.873125
4.872995
4.873003
4.872937
4.872980
4.873444
4.873336
4.873340
4.872696
4.873699
4.872854
4.873638
4.873258
4.873017
4.873156
4.872823
4.872675
4.872814
4.873207
4.872873
4.872392
4.873055
4.873276
4.873011
4.873131
4.872425
4.872418
4.873155
4.873471
4.873208
4.872809
4.873131
4.872613
4.872984
4.873111
4.872889
4.872685
4.873361
4.872908
4.873233
4.873043
4.873075
4.873506
4.872833
4.873502
4.872789
4.872882
4.872888
4.872541
4.873101
4.872638
4.873277
4.872872
4.872920
4.873242
4.872933
4.873212
4.873131
4.872450
4.872554
4.872421
4.872429
4.872913
4.873011
4.872516
4.872937
4.872846
4.873015
4.872679
4.872826
4.873274
4.873055
4.872988
4.872710
4.872601
4.872630
4.873300
4.873095
4.873019
4.873140
4.873064
4.872543
4.873594
4.872627
4.872946
4.873798
4.872956
4.873035
4.872558
4.873087
4.872212
4.872820
4.872660
4.873392
4.873257
4.873026
4.873629
4.872793
4.873393
4.873378
4.873420
4.872578
4.872973
4.872038
4.872965
4.873272
4.872575
4.873043
4.873025
4.872908
4.872679
4.872950
4.873628
4.872912
4.873281
4.872931
4.873084
4.872752
4.873005
4.872733
4.873333
4.873119
4.872840
4.873045
4.873401
4.872815
4.872822
4.873145
4.873315
4.872612
4.872673
4.872827
4.873489
4.873331
4.873523
4.873072
4.872468
4.873205
4.872650
4.873579
4.873511
4.872872
4.872689
4.873225
4.873488
4.872763
4.872811
4.872677
4.872678
4.873002
4.872990
4.872690
4.873315
4.873515
4.873318
4.873072
4.873657
4.873009
4.873044
4.872661
4.872901
4.873452
4.873381
4.872544
4.872580
4.873043
4.873287
4.873316
4.872753
4.873237
4.873278
4.872747
4.873242
4.873260
4.872841
4.873007
4.873028
4.872882
4.873049
4.873581
4.872295
4.873371
4.873232
4.873468
4.873086
4.872856
4.873245
4.872996
4.872788
4.873171
4.873302
4.873199
4.872812
4.873625
4.873416
4.872976
4.873228
4.873031
4.872949
4.873502
4.872281
4.873222
4.872956
4.873155
4.873301
4.873387
4.873237
4.872644
4.872933
4.872546
4.872944
4.872809
4.873194
4.872943
4.873322
4.872867
4.873205
4.872679
4.873246
4.872454
4.873679
4.872822
4.873088
4.872933
4.873395
4.872788
4.872829
4.872940
4.873422
4.873132
4.873037
4.873076
4.872935
4.872891
4.873513
4.872787
4.873025
4.873384
4.872917
4.872660
4.873175
4.873505
4.873355
4.873376
4.873039
4.873335
4.872430
4.873665
4.873305
4.873185
4.872490
4.874329
4.872901
4.873388
4.873280
4.873464
4.872985
4.873021
4.873096
4.872936
4.873350
4.872835
4.872343
4.872904
4.873249
4.872979
4.873020
4.873226
4.873189
4.873327
4.873061
4.872440
4.872713
4.873310
4.873109
4.873227
4.873072
4.873009
4.872548
4.873139
4.872988
4.873223
4.872577
4.873264
4.873522
4.872848
4.873356
4.873273
4.872961
4.872719
4.872985
4.872852
4.873867
4.873255
4.873594
4.873387
4.873003
4.873379
4.872961
4.872961
4.873111
4.872746
4.872574
4.873046
4.872932
4.872675
4.872805
4.872440
4.873210
4.872847
4.873275
4.872652
4.873447
4.873192
4.872947
4.872514
4.872928
4.872948
4.873675
4.873107
4.873405
4.872949
4.873491
4.872950
4.873260
4.872959
4.873297
4.872506
4.872284
4.873063
4.872903
4.873485
4.873540
4.873628
4.872977
4.872987
4.872982
4.872466
4.873405
4.873045
4.873139
4.872836
4.873540
4.872860
4.873297
4.872927
4.873066
4.872814
4.874072
4.872595
4.872940
4.873281
4.873293
4.873198
4.872941
4.872856
4.873216
4.873179
4.872953
4.872840
4.872946
4.873088
4.873139
4.873291
4.873022
4.872618
4.872808
4.873107
4.873638
4.873111
4.873073
4.873155
4.872404
4.872618
4.872510
4.873127
4.873507
4.873246
4.873165
4.872911
4.873584
4.873695
4.873309
4.872675
4.872159
4.872673
4.872720
4.873429
4.873308
4.872427
4.873074
4.873376
4.873314
4.873405
4.873024
4.872997
4.872900
4.872819
4.872180
4.872868
4.872812
4.873136
4.873226
4.872362
4.872800
4.873162
4.873080
4.873061
4.873539
4.873136
4.872518
4.872534
4.873264
4.872667
4.872931
4.873000
4.872797
4.873323
4.873353
4.872907
4.873004
4.873390
4.872661
4.872871
4.873390
4.873796
4.873310
4.873527
4.872637
4.873459
4.873023
4.873370
4.872532
4.872480
4.873481
4.872557
4.872954
4.873569
4.872827
4.873322
4.872870
4.873337
4.873095
4.872580
4.873407
4.873461
4.873328
4.873551
4.873806
4.873465
4.872791
4.873112
4.873133
4.873102
4.872804
4.872903
4.872966
4.873099
4.873228
4.872843
4.872753
4.872292
4.873510
4.872450
4.872893
4.873131
4.872783
4.873040
4.873110
4.872514
4.872788
4.872539
4.872930
4.873491
4.872963
4.872760
4.872504
4.873096
4.873469
4.872861
4.872322
4.872723
4.873214
4.873131
4.872860
4.873049
4.872548
4.873281
4.873216
4.872977
4.872907
4.873088
4.872905
4.873030
4.873007
4.873503
4.873000
4.873169
4.873412
4.873132
4.873226
4.872753
4.872863
4.873153
4.872673
4.873153
4.873269
4.873320
4.872209
4.873160
4.873359
4.872713
4.872250
4.872862
4.872983
4.873585
4.872759
4.873639
4.873337
4.873006
4.873105
4.872795
4.872724
4.873335
4.873005
4.872775
4.873369
4.873407
4.872749
4.873045
4.872931
4.872780
4.873126
4.872515
4.872986
4.873276
4.873440
4.872996
4.872769
4.872663
4.872933
4.873827
4.872780
4.872681
4.872767
4.872915
4.872864
4.872543
4.873058
4.873036
4.872994
4.873347
4.873054
4.872929
4.872826
4.873187
4.872953
4.873513
4.872842
4.873207
4.872910
4.872831
4.872464
4.873093
4.872508
4.873145
4.872864
4.873469
4.873130
4.872838
4.873280
4.873579
4.872515
4.872778
4.873127
4.873452
4.873401
4.872516
4.873149
4.872977
4.873072
4.872523
4.873242
4.873020
4.872239
4.872814
4.873199
4.872715
4.873429
4.872307
4.873217
4.873300
4.873336
4.873199
4.872889
4.873074
4.873029
4.873058
4.872556
4.872726
4.873203
4.873401
4.873270
4.873097
4.873909
4.872914
4.873336
4.873223
4.872591
4.872969
4.873187
4.873255
4.873851
4.872676
4.873063
4.873088
4.873382
4.873019
4.872893
4.873426
4.872978
4.873265
4.872604
4.873515
4.873058
4.873436
4.873381
4.873577
4.873193
4.872863
4.873143
4.872220
4.873264
4.872888
4.873231
4.872890
4.872569
4.873323
4.873069
4.872963
4.873307
4.873268
4.873239
4.872968
4.872650
4.872853
4.872627
4.873117
4.872870
4.872948
4.872609
4.872805
4.873518
4.873399
4.872869
4.873377
4.873302
4.872652
4.873006
4.873054
4.872849
4.872526
4.872870
4.873305
4.873029
4.873497
4.873006
